chr1:98408796-98409171,NM_000110$DPYD$chr1$98386615$-%NM_001160301$DPYD$chr1$98386615$-,0.35
chr9:6680895-6681975,NM_000170$GLDC$chr9$6645692$-,0.6
chr7:116328034-116328226,NM_000245$MET$chr7$116312458$+%NM_001127500$MET$chr7$116312458$+,0.39
chr17:40670495-40670831,NM_000263$NAGLU$chr17$40687950$+,0.52
chr1:20204786-20204981,NM_000300$PLA2G2A$chr1$20306932$-%NM_001161727$PLA2G2A$chr1$20306932$-%NM_001161728$PLA2G2A$chr1$20306932$-,0.3
chr12:7034730-7034838,NM_000365$TPI1$chr12$6976692$+,0.58
chrX:85339971-85340972,NM_000390$CHM$chrX$85302566$-%NM_001145414$CHM$chrX$85302566$-,0.32
chr2:190043432-190043827,NM_000393$COL5A2$chr2$190044605$-,0.47
chr17:40670495-40670831,NM_000413$HSD17B1$chr17$40703983$+,0.48
chr14:75086409-75086922,NM_000428$LTBP2$chr14$75079034$-,0.34
chr6:31702368-31703528,NM_000434$NEU1$chr6$31830709$-,0.37
chr19:1172839-1173266,NM_000455$STK11$chr19$1205797$+,0.31
chr19:2165096-2165788,NM_000479$AMH$chr19$2249112$+,0.39
chr20:57198784-57199334,NM_000516$GNAS$chr20$57466425$+%NM_001077489$GNAS$chr20$57466425$+%NM_001077488$GNAS$chr20$57466425$+%NM_080426$GNAS$chr20$57466425$+,0.31
chr2:113569466-113569945,NM_000575$IL1A$chr2$113542971$-,0.35
chr2:113569466-113569945,NM_000576$IL1B$chr2$113594356$-,0.53
chr2:219270976-219271406,NM_000578$SLC11A1$chr2$219246751$+,0.49
chr19:40939716-40940068,NM_000713$BLVRB$chr19$40971725$-,0.83
chr22:43333511-43333722,NM_000714$TSPO$chr22$43547519$+,0.33
chr22:19874514-19874924,NM_000754$COMT$chr22$19929262$+,0.69
chr5:131430055-131430830,NM_000758$CSF2$chr5$131409484$+,0.52
chr5:131629178-131629624,NM_000758$CSF2$chr5$131409484$+,0.36
chr15:75018665-75019349,NM_000761$CYP1A2$chr15$75041183$+,0.34
chr20:1398801-1399138,NM_000801$FKBP1A$chr20$1373816$-%NM_054014$FKBP1A$chr20$1373816$-%NM_001199786$FKBP1A$chr20$1373816$-,0.52
chr22:37638328-37638951,NM_000878$IL2RB$chr22$37545962$-,0.38
chr12:53615195-53615822,NM_000889$ITGB7$chr12$53601091$-,0.33
chr1:78957462-78957762,NM_000959$PTGFR$chr1$78956727$+%NM_001039585$PTGFR$chr1$78956727$+,0.34
chr12:53615195-53615822,NM_000966$RARG$chr12$53626040$-%NM_001243731$RARG$chr12$53626040$-%NM_001243730$RARG$chr12$53626040$-,0.3
chr9:130283548-130283912,NM_000976$RPL12$chr9$130213711$-,0.5
chr16:89555521-89555997,NM_000977$RPL13$chr16$89627064$+%NM_001243131$RPL13$chr16$89627064$+%NM_001243130$RPL13$chr16$89627064$+,0.37
chr16:89571786-89572109,NM_000977$RPL13$chr16$89627064$+%NM_001243131$RPL13$chr16$89627064$+%NM_001243130$RPL13$chr16$89627064$+,0.73
chr19:18133045-18133309,NM_000980$RPL18A$chr19$17970686$+,0.5
chr11:35080761-35080936,NM_001001390$CD44$chr11$35160416$+%NM_001001391$CD44$chr11$35160416$+%NM_001001389$CD44$chr11$35160416$+%NM_001202557$CD44$chr11$35160416$+%NM_001202556$CD44$chr11$35160416$+%NM_000610$CD44$chr11$35160416$+%NM_001001392$CD44$chr11$35160416$+%NM_001202555$CD44$chr11$35160416$+,0.33
chr11:35188303-35189153,NM_001001390$CD44$chr11$35160416$+%NM_001001391$CD44$chr11$35160416$+%NM_001001389$CD44$chr11$35160416$+%NM_001202557$CD44$chr11$35160416$+%NM_001202556$CD44$chr11$35160416$+%NM_000610$CD44$chr11$35160416$+%NM_001001392$CD44$chr11$35160416$+%NM_001202555$CD44$chr11$35160416$+,0.47
chr22:20863506-20864089,NM_001003891$MED15$chr22$20861828$+%NM_001293234$MED15$chr22$20861828$+%NM_001293235$MED15$chr22$20861828$+%NM_015889$MED15$chr22$20861828$+%NM_001293236$MED15$chr22$20861828$+,0.4
chr12:53615195-53615822,NM_001004304$ZNF740$chr12$53574534$+,0.41
chr15:90944087-90944636,NM_001004309$ZNF774$chr15$90895476$+,0.63
chr11:65042835-65043130,NM_001004326$SLC22A20$chr11$64981310$+,0.36
chr11:58340867-58341571,NM_001005218$OR5B21$chr11$58275578$-,0.53
chr17:7737438-7738736,NM_001005271$CHD3$chr17$7788122$+,0.58
chr17:7738822-7740614,NM_001005271$CHD3$chr17$7788122$+,0.61
chr17:7746991-7747556,NM_001005271$CHD3$chr17$7788122$+,0.63
chr10:44185624-44185942,NM_001005368$ZNF32$chr10$44144152$-,0.68
chr9:130283548-130283912,NM_001005373$LRSAM1$chr9$130213764$+%NM_001190723$LRSAM1$chr9$130213764$+%NM_138361$LRSAM1$chr9$130213764$+,0.31
chr11:64140304-64140795,NM_001006944$RPS6KA4$chr11$64126624$+%NM_003942$RPS6KA4$chr11$64126624$+%NM_001300802$RPS6KA4$chr11$64126624$+,0.48
chr2:20385260-20385778,NM_001006946$SDC1$chr2$20425194$-,0.31
chr2:20386283-20386578,NM_001006946$SDC1$chr2$20425194$-,0.38
chr12:7034730-7034838,NM_001007026$ATN1$chr12$7033625$+,0.3
chr1:156718467-156719136,NM_001007792$NTRK1$chr1$156785541$+,0.38
chr2:20386283-20386578,NM_001008237$TTC32$chr2$20101744$-,0.42
chr1:28189568-28190269,NM_001009568$SMPDL3B$chr1$28261503$+%NM_014474$SMPDL3B$chr1$28261503$+,0.3
chr20:10492212-10492484,NM_001009608$SLX4IP$chr20$10415950$+,0.6
chr5:784651-785023,NM_001009877$BRD9$chr5$892674$-,0.41
chr13:44880536-44881091,NM_001010897$SERP2$chr13$44947977$+,0.45
chr16:3156518-3156937,NM_001012631$IL32$chr16$3115312$+%NM_004221$IL32$chr16$3115312$+%NM_001012718$IL32$chr16$3115312$+%NM_001012633$IL32$chr16$3115312$+,0.44
chr16:3156518-3156937,NM_001012632$IL32$chr16$3115662$+,0.32
chr16:3156518-3156937,NM_001012634$IL32$chr16$3115638$+,0.58
chr16:3156518-3156937,NM_001012635$IL32$chr16$3115611$+,0.56
chr16:3156518-3156937,NM_001012636$IL32$chr16$3115784$+,0.36
chr9:131929415-131929566,NM_001012715$C9orf106$chr9$132083294$+,0.31
chr1:161359666-161360218,NM_001013625$CFAP126$chr1$161337673$-,0.68
chr1:27024638-27025138,NM_001013642$TRNP1$chr1$27320194$+,0.37
chr15:90944087-90944636,NM_001013657$GDPGP1$chr15$90777486$+,0.32
chr1:100169951-100170218,NM_001013660$FRRS1$chr1$100231349$-,0.36
chr1:159859603-159860031,NM_001013661$VSIG8$chr1$159832447$-,0.32
chr12:31902136-31902566,NM_001013699$H3F3C$chr12$31945175$-,0.45
chr14:105144100-105144955,NM_001014432$AKT1$chr14$105262080$-%NM_001014431$AKT1$chr14$105262080$-,0.42
chr16:66906996-66907469,NM_001014435$CA7$chr16$66878840$+,0.48
chr16:66960903-66961306,NM_001014435$CA7$chr16$66878840$+,0.37
chr10:79291885-79292096,NM_001014797$KCNMA1$chr10$79397577$-%NM_001271518$KCNMA1$chr10$79397577$-%NM_001161352$KCNMA1$chr10$79397577$-%NM_002247$KCNMA1$chr10$79397577$-%NM_001161353$KCNMA1$chr10$79397577$-%NM_001271519$KCNMA1$chr10$79397577$-%NM_001271520$KCNMA1$chr10$79397577$-%NM_001271522$KCNMA1$chr10$79397577$-%NM_001271521$KCNMA1$chr10$79397577$-,0.5
chr11:12309352-12309734,NM_001018057$DKK3$chr11$12030186$-,0.33
chr19:54465243-54465494,NM_001020818$MYADM$chr19$54372644$+%NM_001020821$MYADM$chr19$54372644$+%NM_001290189$MYADM$chr19$54372644$+,0.51
chr6:28072476-28072872,NM_001023560$ZSCAN26$chr6$28234787$+%NM_152736$ZSCAN26$chr6$28234787$+%NM_001287422$ZSCAN26$chr6$28234787$+%NM_001111039$ZSCAN26$chr6$28234787$+,0.33
chr22:24255997-24256450,NM_001024939$SLC2A11$chr22$24200039$+,0.63
chr18:74766602-74767022,NM_001025090$MBP$chr18$74729055$-%NM_002385$MBP$chr18$74729055$-%NM_001025081$MBP$chr18$74729055$-%NM_001025092$MBP$chr18$74729055$-,0.3
chr6:30716597-30717062,NM_001025091$ABCF1$chr6$30539169$+%NM_001090$ABCF1$chr6$30539169$+,0.35
chr18:74766602-74767022,NM_001025100$MBP$chr18$74844774$-%NM_001025101$MBP$chr18$74844774$-,0.51
chr18:74789913-74790245,NM_001025100$MBP$chr18$74844774$-%NM_001025101$MBP$chr18$74844774$-,0.81
chr1:154699087-154699216,NM_001025107$ADAR$chr1$154600456$-,0.38
chr16:69790577-69791500,NM_001025434$NQO1$chr16$69760533$-%NM_000903$NQO1$chr16$69760533$-%NM_001025433$NQO1$chr16$69760533$-,0.51
chr19:18133045-18133309,NM_001025604$ARRDC2$chr19$18111940$+,0.54
chr1:153936554-153936861,NM_001030$RPS27$chr1$153963238$+,0.43
chr19:40939716-40940068,NM_001031696$PLD3$chr19$40854331$+%NM_012268$PLD3$chr19$40854331$+,0.38
chr6:30720004-30720713,NM_001031722$ATAT1$chr6$30594662$+,0.41
chr6:30736850-30737361,NM_001031722$ATAT1$chr6$30594662$+,0.47
chr11:66494780-66495327,NM_001032279$RCE1$chr11$66610882$+%NM_005133$RCE1$chr11$66610882$+,0.31
chr6:10458287-10458428,NM_001032280$TFAP2A$chr6$10412607$-,0.53
chr5:138620359-138620541,NM_001033112$PAIP2$chr5$138678122$+,0.4
chr5:138838499-138838633,NM_001033112$PAIP2$chr5$138678122$+,0.36
chr5:138897527-138897822,NM_001033112$PAIP2$chr5$138678122$+,0.34
chr5:133891612-133892163,NM_001033503$SAR1B$chr5$133968533$-%NM_016103$SAR1B$chr5$133968533$-,0.49
chr10:27531769-27532240,NM_001034842$PTCHD3$chr10$27703297$-,0.46
chr19:35809679-35810380,NM_001035516$DMKN$chr19$35992813$-,0.32
chr9:130283548-130283912,NM_001035534$FAM129B$chr9$130341286$-,0.5
chr2:10260365-10260994,NM_001037160$CYS1$chr2$10220538$-,0.45
chr5:138620359-138620541,NM_001037633$SIL1$chr5$138534065$-%NM_022464$SIL1$chr5$138534065$-,0.38
chr22:30601535-30602099,NM_001037666$GATSL3$chr22$30685616$-,0.34
chr2:172961367-172961608,NM_001038493$DLX1$chr2$172950207$+%NM_178120$DLX1$chr2$172950207$+,0.36
chr17:80454894-80455238,NM_001038618$NARF$chr17$80416059$+,0.82
chr14:75086409-75086922,NM_001039479$AREL1$chr14$75179807$-,0.4
chr14:75087327-75087770,NM_001039479$AREL1$chr14$75179807$-,0.45
chr3:196064212-196064579,NM_001039617$ZDHHC19$chr3$195938300$-,0.36
chr6:31702368-31703528,NM_001039651$SAPCD1$chr6$31730772$+,0.47
chr10:128947297-128947480,NM_001039762$FAM196A$chr10$128994422$-,0.54
chr19:2165096-2165788,NM_001039846$IZUMO4$chr19$2096867$+%NM_001031735$IZUMO4$chr19$2096867$+,0.32
chr19:1172839-1173266,NM_001039848$GPX4$chr19$1104648$+,0.5
chr19:47363167-47364689,NM_001039877$STRN4$chr19$47249720$-%NM_013403$STRN4$chr19$47249720$-,0.46
chr19:47363167-47364689,NM_001039885$FKRP$chr19$47249302$+%NM_024301$FKRP$chr19$47249302$+,0.36
chr9:18490587-18490949,NM_001040272$ADAMTSL1$chr9$18474078$+%NM_052866$ADAMTSL1$chr9$18474078$+,0.48
chr5:159592107-159592427,NM_001040442$FABP6$chr5$159626047$+,0.57
chr7:75465283-75465439,NM_001040456$RHBDD2$chr7$75508316$+%NM_001040457$RHBDD2$chr7$75508316$+,0.42
chr16:66960903-66961306,NM_001040667$HSF4$chr16$67197287$+%NM_001538$HSF4$chr16$67197287$+,0.35
chr17:80056613-80056910,NM_001042423$SLC16A3$chr17$80190107$+,0.41
chr19:40939716-40940068,NM_001042544$LTBP4$chr19$41103140$+,0.42
chr9:35603992-35604628,NM_001042590$TMEM8B$chr9$35829494$+,0.3
chr12:53615195-53615822,NM_001042728$RARG$chr12$53614197$-%NM_001243732$RARG$chr12$53614197$-,0.31
chr10:5333644-5334212,NM_001047160$NET1$chr10$5454513$+,0.33
chr10:5334474-5334640,NM_001047160$NET1$chr10$5454513$+,0.34
chr22:37638328-37638951,NM_001051$SSTR3$chr22$37608416$-,0.55
chr19:3655813-3656105,NM_001060$TBXA2R$chr19$3606831$-%NM_201636$TBXA2R$chr19$3606831$-,0.34
chr17:40670495-40670831,NM_001070$TUBG1$chr17$40761357$+,0.43
chr17:42173326-42173627,NM_001076683$UBTF$chr17$42298250$-,0.34
chr17:42276572-42276897,NM_001076683$UBTF$chr17$42298250$-,0.4
chr16:68271348-68271876,NM_001076785$SLC7A6$chr16$68298418$+%NM_003983$SLC7A6$chr16$68298418$+,0.51
chr11:65244638-65245303,NM_001077241$SLC25A45$chr11$65150145$-%NM_182556$SLC25A45$chr11$65150145$-,0.46
chr14:23293879-23294567,NM_001077352$RBM23$chr14$23388396$-%NM_001077351$RBM23$chr14$23388396$-%NM_018107$RBM23$chr14$23388396$-,0.51
chr1:101202267-101202571,NM_001078$VCAM1$chr1$101185195$+%NM_080682$VCAM1$chr1$101185195$+%NM_001199834$VCAM1$chr1$101185195$+,0.44
chr6:44031882-44032664,NM_001078176$SLC29A1$chr6$44191240$+%NM_001078175$SLC29A1$chr6$44191240$+,0.44
chr6:44031882-44032664,NM_001078177$SLC29A1$chr6$44191362$+,0.36
chr19:47363167-47364689,NM_001079880$PRKD2$chr19$47220384$-%NM_016457$PRKD2$chr19$47220384$-%NM_001079881$PRKD2$chr19$47220384$-,0.3
chr19:4456385-4456784,NM_001080400$PLIN4$chr19$4517716$-,0.36
chr17:7737438-7738736,NM_001080424$KDM6B$chr17$7743234$+,0.65
chr17:7738822-7740614,NM_001080424$KDM6B$chr17$7743234$+,0.43
chr17:7746991-7747556,NM_001080424$KDM6B$chr17$7743234$+,0.42
chr19:34850085-34850642,NM_001080436$WTIP$chr19$34972879$+,0.31
chr7:1572262-1572844,NM_001080453$INTS1$chr7$1544018$-,0.64
chr9:35603992-35604628,NM_001080496$RGP1$chr9$35749276$+,0.7
chr19:11642939-11643084,NM_001080503$CCDC159$chr19$11457180$+,0.41
chr19:3655813-3656105,NM_001080543$CACTIN$chr19$3626813$-%NM_021231$CACTIN$chr19$3626813$-,0.47
chr12:122067749-122067897,NM_001080825$TMEM120B$chr12$122150657$+,0.38
chr12:52540964-52541526,NM_001081492$KRT80$chr12$52585784$-%NM_182507$KRT80$chr12$52585784$-,0.46
chr22:36727482-36728450,NM_001082578$RBFOX2$chr22$36424585$-%NM_001082579$RBFOX2$chr22$36424585$-,0.31
chr16:3156518-3156937,NM_001083600$NAA60$chr16$3507991$+%NM_024845$NAA60$chr16$3507991$+,0.33
chr22:24255997-24256450,NM_001084392$DDT$chr22$24316680$-,0.35
chr22:24255997-24256450,NM_001084393$DDTL$chr22$24309025$+,0.68
chr7:1572262-1572844,NM_001097620$TMEM184A$chr7$1596066$-,0.62
chr22:41809427-41810696,NM_001098$ACO2$chr22$41865128$+,0.3
chr17:1953067-1954207,NM_001098202$HIC1$chr17$1959603$+,0.44
chr6:26126352-26126787,NM_001098486$SLC17A3$chr6$25874471$-%NM_006632$SLC17A3$chr6$25874471$-,0.3
chr6:31702368-31703528,NM_001098534$BAG6$chr6$31620170$-,0.59
chr19:13972364-13973309,NM_001098622$NANOS3$chr19$13988062$+,0.38
chr11:74465903-74466299,NM_001098638$RNF169$chr11$74459912$+,0.35
chr20:42286061-42286420,NM_001098796$TOX2$chr20$42544781$+%NM_032883$TOX2$chr20$42544781$+,0.45
chr5:131832561-131832909,NM_001098811$SEPT8$chr5$132113067$-%NM_001098812$SEPT8$chr5$132113067$-%NM_015146$SEPT8$chr5$132113067$-%NM_001300799$SEPT8$chr5$132113067$-%NM_001300798$SEPT8$chr5$132113067$-,0.34
chr5:131832561-131832909,NM_001098813$SEPT8$chr5$132113561$-,0.52
chr19:18133045-18133309,NM_001098818$PDE4C$chr19$18337285$-,0.44
chr19:18527231-18527472,NM_001098818$PDE4C$chr19$18337285$-,0.3
chr19:18527701-18528040,NM_001098818$PDE4C$chr19$18337285$-,0.33
chr19:18528263-18528792,NM_001098818$PDE4C$chr19$18337285$-,0.31
chr19:41771602-41771660,NM_001098825$TMEM91$chr19$41869870$+,0.34
chr10:44185624-44185942,NM_001099282$ZNF239$chr10$44070065$-,0.31
chr10:44185624-44185942,NM_001099283$ZNF239$chr10$44070066$-%NM_001099284$ZNF239$chr10$44070066$-,0.31
chr11:65244638-65245303,NM_001099409$EHBP1L1$chr11$65343508$+,0.6
chr11:65261229-65261625,NM_001099409$EHBP1L1$chr11$65343508$+,0.61
chr11:65419981-65420225,NM_001099409$EHBP1L1$chr11$65343508$+,0.55
chr11:65420425-65420654,NM_001099409$EHBP1L1$chr11$65343508$+,0.56
chr1:26201699-26201757,NM_001099625$MTFR1L$chr1$26146396$+%NM_001099627$MTFR1L$chr1$26146396$+,0.56
chr1:26201699-26201757,NM_001099626$MTFR1L$chr1$26147318$+,0.4
chr14:23293879-23294567,NM_001099780$PSMB11$chr14$23511375$+,0.36
chr19:1172839-1173266,NM_001100122$SBNO2$chr19$1132273$-,0.4
chr2:201411222-201411458,NM_001100422$SPATS2L$chr2$201170984$+%NM_001100424$SPATS2L$chr2$201170984$+,0.47
chr2:201411222-201411458,NM_001100423$SPATS2L$chr2$201171355$+,0.49
chr15:33440518-33440847,NM_001103184$FMN1$chr15$33360233$-,0.61
chr16:30645556-30645885,NM_001105079$FBRS$chr16$30675777$+,0.39
chr15:70391851-70392235,NM_001105192$TLE3$chr15$70390256$-%NM_005078$TLE3$chr15$70390256$-%NM_020908$TLE3$chr15$70390256$-%NM_001282980$TLE3$chr15$70390256$-%NM_001282979$TLE3$chr15$70390256$-,0.55
chr1:185109809-185110137,NM_001105518$SWT1$chr1$185126191$+,0.36
chr1:28189568-28190269,NM_001105556$THEMIS2$chr1$28199053$+%NM_001039477$THEMIS2$chr1$28199053$+%NM_001286115$THEMIS2$chr1$28199053$+%NM_001286113$THEMIS2$chr1$28199053$+%NM_004848$THEMIS2$chr1$28199053$+,0.44
chr1:156629760-156630406,NM_001105669$TTC24$chr1$156549518$+,0.3
chr12:113709766-113709965,NM_001111322$DDX54$chr12$113623284$-%NM_024072$DDX54$chr12$113623284$-,0.37
chr17:21515861-21516199,NM_001113434$C17orf51$chr17$21454941$-,0.44
chr17:75319028-75319523,NM_001113491$SEPT9$chr17$75277491$+%NM_001293695$SEPT9$chr17$75277491$+,0.79
chr17:75319028-75319523,NM_001113492$SEPT9$chr17$75283972$+,0.37
chr17:75319028-75319523,NM_001113493$SEPT9$chr17$75369271$+,0.79
chr17:75319028-75319523,NM_001113494$SEPT9$chr17$75372164$+,0.51
chr2:233766797-233767190,NM_001114090$NGEF$chr2$233792861$-,0.56
chr19:34850085-34850642,NM_001114093$LSM14A$chr19$34663351$+%NM_015578$LSM14A$chr19$34663351$+,0.38
chr12:19566135-19566181,NM_001114176$AEBP2$chr12$19592607$+%NM_153207$AEBP2$chr12$19592607$+,0.34
chr11:2951529-2951649,NM_001122631$CDKN1C$chr11$2906995$-%NM_001122630$CDKN1C$chr11$2906995$-%NM_000076$CDKN1C$chr11$2906995$-,0.34
chr12:132970087-132970237,NM_001122636$GALNT9$chr12$132905905$-,0.39
chr1:156718467-156719136,NM_001126050$HDGF$chr1$156722240$-,0.34
chr1:156629760-156630406,NM_001126051$HDGF$chr1$156722024$-,0.31
chr14:23293879-23294567,NM_001126105$SLC7A7$chr14$23285107$-,0.47
chr14:23293879-23294567,NM_001126106$SLC7A7$chr14$23289020$-,0.46
chr17:7737438-7738736,NM_001126115$TP53$chr17$7578811$-%NM_001126117$TP53$chr17$7578811$-%NM_001126116$TP53$chr17$7578811$-%NM_001276699$TP53$chr17$7578811$-%NM_001276698$TP53$chr17$7578811$-%NM_001276697$TP53$chr17$7578811$-,0.38
chr17:7738822-7740614,NM_001126115$TP53$chr17$7578811$-%NM_001126117$TP53$chr17$7578811$-%NM_001126116$TP53$chr17$7578811$-%NM_001276699$TP53$chr17$7578811$-%NM_001276698$TP53$chr17$7578811$-%NM_001276697$TP53$chr17$7578811$-,0.37
chr10:95218561-95218998,NM_001127182$CEP55$chr10$95256368$+,0.65
chr10:95228207-95228553,NM_001127182$CEP55$chr10$95256368$+,0.74
chr15:75018665-75019349,NM_001127190$CSK$chr15$75074424$+%NM_004383$CSK$chr15$75074424$+,0.55
chr17:76348964-76349371,NM_001127198$TMC6$chr17$76124861$-,0.3
chr16:4321625-4322178,NM_001127206$HMOX2$chr16$4524703$+,0.39
chr11:33711808-33712191,NM_001127227$CD59$chr11$33744498$-,0.64
chr19:47776748-47776969,NM_001127241$BBC3$chr19$47736023$-%NM_001127240$BBC3$chr19$47736023$-%NM_001127242$BBC3$chr19$47736023$-,0.79
chr11:61523945-61524112,NM_001127392$MYRF$chr11$61520108$+,0.41
chr15:65245420-65245827,NM_001127889$SPG21$chr15$65281844$-,0.5
chr15:65245420-65245827,NM_001127890$SPG21$chr15$65282284$-%NM_016630$SPG21$chr15$65282284$-,0.56
chr3:196064212-196064579,NM_001128148$TFRC$chr3$195809032$-,0.3
chr17:40670495-40670831,NM_001130020$ATP6V0A1$chr17$40610861$+%NM_005177$ATP6V0A1$chr17$40610861$+%NM_001130021$ATP6V0A1$chr17$40610861$+,0.35
chr13:99562711-99562955,NM_001130048$DOCK9$chr13$99630338$-%NM_001130050$DOCK9$chr13$99630338$-,0.44
chr13:99562711-99562955,NM_001130049$DOCK9$chr13$99738660$-%NM_015296$DOCK9$chr13$99738660$-,0.37
chr14:23293879-23294567,NM_001130706$C14orf93$chr14$23479410$-%NM_001130708$C14orf93$chr14$23479410$-%NM_021944$C14orf93$chr14$23479410$-%NM_001282970$C14orf93$chr14$23479410$-%NM_001282968$C14orf93$chr14$23479410$-,0.6
chrX:129400519-129400680,NM_001130847$AIFM1$chrX$129299861$-%NM_145813$AIFM1$chrX$129299861$-%NM_145812$AIFM1$chrX$129299861$-%NM_004208$AIFM1$chrX$129299861$-,0.36
chr5:131430055-131430830,NM_001131027$PDLIM4$chr5$131593350$+%NM_003687$PDLIM4$chr5$131593350$+,0.33
chr5:131629178-131629624,NM_001131027$PDLIM4$chr5$131593350$+%NM_003687$PDLIM4$chr5$131593350$+,0.58
chr1:159859603-159860031,NM_001134233$C1orf204$chr1$159825137$-,0.39
chr7:1572262-1572844,NM_001134340$PSMG3$chr7$1609668$-,0.6
chr7:6677371-6677641,NM_001134389$ZDHHC4$chr7$6617064$+%NM_001134388$ZDHHC4$chr7$6617064$+%NM_001134387$ZDHHC4$chr7$6617064$+%NM_018106$ZDHHC4$chr7$6617064$+,0.44
chr16:3156518-3156937,NM_001134655$ZNF213$chr16$3185133$+,0.59
chr6:18432400-18432879,NM_001134709$DEK$chr6$18264799$-%NM_003472$DEK$chr6$18264799$-,0.49
chr11:65782974-65783337,NM_001134775$KLC2$chr11$66024764$+,0.37
chr6:30720004-30720713,NM_001134870$PPP1R18$chr6$30655093$-,0.38
chr1:159859603-159860031,NM_001135050$IGSF9$chr1$159915386$-%NM_020789$IGSF9$chr1$159915386$-,0.68
chr3:171847438-171848726,NM_001135095$FNDC3B$chr3$171758343$+,0.56
chr3:171870963-171871593,NM_001135095$FNDC3B$chr3$171758343$+,0.36
chr2:9374844-9375591,NM_001135191$ASAP2$chr2$9346893$+%NM_003887$ASAP2$chr2$9346893$+,0.42
chr19:52192085-52192767,NM_001135590$ZNF577$chr19$52391189$-,0.45
chr11:65666492-65667203,NM_001135635$C11orf68$chr11$65686531$-%NM_031450$C11orf68$chr11$65686531$-,0.37
chr2:37605671-37605839,NM_001135652$EIF2AK2$chr2$37374965$-,0.39
chr17:43305165-43306978,NM_001135704$ACBD4$chr17$43209966$+,0.55
chr17:43249989-43250354,NM_001135706$ACBD4$chr17$43213013$+%NM_024722$ACBD4$chr17$43213013$+%NM_001135705$ACBD4$chr17$43213013$+%NM_001135707$ACBD4$chr17$43213013$+,0.56
chr17:43305165-43306978,NM_001135706$ACBD4$chr17$43213013$+%NM_024722$ACBD4$chr17$43213013$+%NM_001135705$ACBD4$chr17$43213013$+%NM_001135707$ACBD4$chr17$43213013$+,0.55
chr13:29148829-29149214,NM_001135919$SLC46A3$chr13$29293150$-%NM_181785$SLC46A3$chr13$29293150$-,0.3
chr20:49982609-49983533,NM_001136021$NFATC2$chr20$50179370$-%NM_001258292$NFATC2$chr20$50179370$-%NM_001258295$NFATC2$chr20$50179370$-%NM_001258294$NFATC2$chr20$50179370$-,0.31
chr19:13262107-13262928,NM_001136035$TRMT1$chr19$13227563$-,0.68
chr19:13273540-13274187,NM_001136035$TRMT1$chr19$13227563$-,0.57
chr19:13278382-13278991,NM_001136035$TRMT1$chr19$13227563$-,0.71
chr1:224269875-224270192,NM_001136115$FBXO28$chr1$224301788$+%NM_015176$FBXO28$chr1$224301788$+,0.56
chr5:178259703-178260206,NM_001136116$ZNF879$chr5$178450775$+,0.32
chr19:18133045-18133309,NM_001136203$CCDC124$chr19$18043823$+,0.35
chr3:10240691-10241307,NM_001136232$SEC13$chr3$10362725$-,0.47
chr8:23390028-23390384,NM_001136271$NKX2-6$chr8$23564111$-,0.39
chr8:23618921-23619563,NM_001136271$NKX2-6$chr8$23564111$-,0.43
chr20:1398801-1399138,NM_001136566$RAD21L1$chr20$1206763$+,0.34
chrX:68004355-68004677,NM_001142504$STARD8$chrX$67913481$+,0.45
chr19:13262107-13262928,NM_001142554$TRMT1$chr19$13227463$-%NM_017722$TRMT1$chr19$13227463$-,0.72
chr19:13273540-13274187,NM_001142554$TRMT1$chr19$13227463$-%NM_017722$TRMT1$chr19$13227463$-,0.57
chr19:13278382-13278991,NM_001142554$TRMT1$chr19$13227463$-%NM_017722$TRMT1$chr19$13227463$-,0.74
chr1:200857233-200857815,NM_001142569$C1orf106$chr1$200863948$+,0.54
chr5:131601385-131601782,NM_001142598$P4HA2$chr5$131563556$-%NM_001142599$P4HA2$chr5$131563556$-%NM_001017974$P4HA2$chr5$131563556$-,0.55
chr5:131832561-131832909,NM_001142598$P4HA2$chr5$131563556$-%NM_001142599$P4HA2$chr5$131563556$-%NM_001017974$P4HA2$chr5$131563556$-,0.41
chr12:132970087-132970237,NM_001142641$FBRSL1$chr12$133067156$+,0.44
chr5:172198749-172199959,NM_001142651$NEURL1B$chr5$172068275$+,0.39
chr1:37942874-37943354,NM_001142726$C1orf122$chr1$38273472$+%NM_198446$C1orf122$chr1$38273472$+,0.34
chr12:113709766-113709965,NM_001143819$TPCN1$chr12$113659242$+%NM_017901$TPCN1$chr12$113659242$+,0.35
chr11:128367325-128367539,NM_001143820$ETS1$chr11$128457453$-,0.41
chr11:65419981-65420225,NM_001143985$BANF1$chr11$65769549$+%NM_003860$BANF1$chr11$65769549$+,0.37
chr11:65666492-65667203,NM_001143985$BANF1$chr11$65769549$+%NM_003860$BANF1$chr11$65769549$+,0.5
chr11:65679250-65679576,NM_001143985$BANF1$chr11$65769549$+%NM_003860$BANF1$chr11$65769549$+,0.32
chr11:65782974-65783337,NM_001143985$BANF1$chr11$65769549$+%NM_003860$BANF1$chr11$65769549$+,0.45
chr17:7737438-7738736,NM_001143990$WRAP53$chr17$7589388$+,0.31
chr17:7746991-7747556,NM_001143990$WRAP53$chr17$7589388$+,0.32
chr17:7746991-7747556,NM_001143991$WRAP53$chr17$7590757$+,0.32
chr17:7746991-7747556,NM_001143992$WRAP53$chr17$7591666$+%NM_018081$WRAP53$chr17$7591666$+,0.38
chr11:58340867-58341571,NM_001143995$LPXN$chr11$58345639$-,0.37
chr17:75319028-75319523,NM_001144001$SEC14L1$chr17$75181294$+,0.34
chr11:2951529-2951649,NM_001144063$OSBPL5$chr11$3186582$-%NM_020896$OSBPL5$chr11$3186582$-%NM_145638$OSBPL5$chr11$3186582$-,0.48
chr12:7034730-7034838,NM_001144831$PHB2$chr12$7079916$-%NM_001267700$PHB2$chr12$7079916$-,0.43
chr6:31702368-31703528,NM_001144961$NFKBIL1$chr6$31515352$+%NM_005007$NFKBIL1$chr6$31515352$+,0.45
chr6:10458287-10458428,NM_001145020$C6orf52$chr6$10694839$-,0.42
chr15:67399103-67399775,NM_001145102$SMAD3$chr15$67418053$+,0.52
chr15:67399103-67399775,NM_001145103$SMAD3$chr15$67430358$+,0.49
chr19:47363167-47364689,NM_001145144$SLC1A5$chr19$47290545$-,0.34
chr19:47363167-47364689,NM_001145145$SLC1A5$chr19$47288134$-,0.37
chr15:75746315-75746749,NM_001145357$SIN3A$chr15$75748124$-,0.31
chr15:75746315-75746749,NM_001145358$SIN3A$chr15$75744087$-,0.49
chr22:41809427-41810696,NM_001145398$TEF$chr22$41763336$+,0.45
chr10:6245814-6246792,NM_001145443$PFKFB3$chr10$6186842$+,0.5
chr16:3156518-3156937,NM_001145447$ZNF200$chr16$3285186$-%NM_003454$ZNF200$chr16$3285186$-,0.34
chr16:3156518-3156937,NM_001145448$ZNF200$chr16$3285456$-%NM_198088$ZNF200$chr16$3285456$-,0.39
chr1:26201699-26201757,NM_001145454$STMN1$chr1$26232993$-%NM_005563$STMN1$chr1$26232993$-,0.61
chr10:6171883-6172155,NM_001145547$RBM17$chr10$6131308$+,0.62
chr16:57717053-57717380,NM_001145773$GPR56$chr16$57662137$+%NM_001145772$GPR56$chr16$57662137$+%NM_001145771$GPR56$chr16$57662137$+%NM_201524$GPR56$chr16$57662137$+%NM_201525$GPR56$chr16$57662137$+,0.31
chr19:42784527-42784991,NM_001145939$PAFAH1B3$chr19$42806929$-,0.46
chr19:42784527-42784991,NM_001145940$PAFAH1B3$chr19$42806952$-,0.45
chr1:42774668-42774801,NM_001146192$ZMYND12$chr1$42921938$-%NM_032257$ZMYND12$chr1$42921938$-,0.32
chr12:7034730-7034838,NM_001146316$SPSB2$chr12$6982449$-,0.68
chr9:6680895-6681975,NM_001146694$KDM4C$chr9$6757640$+%NM_015061$KDM4C$chr9$6757640$+%NM_001146695$KDM4C$chr9$6757640$+,0.57
chr9:6680895-6681975,NM_001146696$KDM4C$chr9$6720862$+,0.52
chr5:150464543-150466084,NM_001155$ANXA6$chr5$150537443$-,0.42
chr7:57639323-57639702,NM_001159279$ZNF716$chr7$57509882$+,0.3
chr12:7034730-7034838,NM_001159287$TPI1$chr12$6976583$+,0.56
chr6:86113432-86113601,NM_001159676$SYNCRIP$chr6$86351169$-%NM_001159675$SYNCRIP$chr6$86351169$-,0.3
chr6:86174491-86174911,NM_001159676$SYNCRIP$chr6$86351169$-%NM_001159675$SYNCRIP$chr6$86351169$-,0.35
chr17:76929562-76929807,NM_001159773$CANT1$chr17$77005899$-%NM_138793$CANT1$chr17$77005899$-%NM_001159772$CANT1$chr17$77005899$-,0.47
chr17:76930060-76930674,NM_001159773$CANT1$chr17$77005899$-%NM_138793$CANT1$chr17$77005899$-%NM_001159772$CANT1$chr17$77005899$-,0.48
chr19:4456385-4456784,NM_001159846$MPND$chr19$4343523$+%NM_032868$MPND$chr19$4343523$+%NM_001300862$MPND$chr19$4343523$+,0.32
chr2:201411222-201411458,NM_001160046$SGOL2$chr2$201390864$+%NM_001160033$SGOL2$chr2$201390864$+%NM_152524$SGOL2$chr2$201390864$+,0.46
chr1:956563-956812,NM_001160184$PLEKHN1$chr1$901876$+%NM_032129$PLEKHN1$chr1$901876$+,0.74
chr16:89555521-89555997,NM_001160367$CDK10$chr16$89753075$+%NM_001098533$CDK10$chr16$89753075$+%NM_052987$CDK10$chr16$89753075$+%NM_052988$CDK10$chr16$89753075$+,0.37
chr12:109232143-109232504,NM_001161331$SSH1$chr12$109221327$-,0.31
chr6:30716597-30717062,NM_001161376$C6orf136$chr6$30614815$+%NM_001109938$C6orf136$chr6$30614815$+%NM_145029$C6orf136$chr6$30614815$+,0.44
chr6:30720004-30720713,NM_001161376$C6orf136$chr6$30614815$+%NM_001109938$C6orf136$chr6$30614815$+%NM_145029$C6orf136$chr6$30614815$+,0.4
chr6:30736850-30737361,NM_001161376$C6orf136$chr6$30614815$+%NM_001109938$C6orf136$chr6$30614815$+%NM_145029$C6orf136$chr6$30614815$+,0.56
chr1:156718467-156719136,NM_001161443$SH2D2A$chr1$156785939$-,0.44
chr1:3817648-3818071,NM_001163724$SMIM1$chr1$3689350$+,0.34
chr19:5139337-5139604,NM_001164194$PLIN3$chr19$4867780$-%NM_001164189$PLIN3$chr19$4867780$-%NM_005817$PLIN3$chr19$4867780$-,0.38
chr6:30716597-30717062,NM_001164239$DHX16$chr6$30640830$-%NM_003587$DHX16$chr6$30640830$-,0.44
chr6:30720004-30720713,NM_001164239$DHX16$chr6$30640830$-%NM_003587$DHX16$chr6$30640830$-,0.52
chr6:30736850-30737361,NM_001164239$DHX16$chr6$30640830$-%NM_003587$DHX16$chr6$30640830$-,0.46
chr11:65244638-65245303,NM_001164266$LTBP3$chr11$65325699$-%NM_021070$LTBP3$chr11$65325699$-%NM_001130144$LTBP3$chr11$65325699$-,0.52
chr11:65261229-65261625,NM_001164266$LTBP3$chr11$65325699$-%NM_021070$LTBP3$chr11$65325699$-%NM_001130144$LTBP3$chr11$65325699$-,0.57
chr11:65420425-65420654,NM_001164266$LTBP3$chr11$65325699$-%NM_021070$LTBP3$chr11$65325699$-%NM_001130144$LTBP3$chr11$65325699$-,0.49
chr9:35603992-35604628,NM_001164310$FAM166B$chr9$35563896$-%NM_001099951$FAM166B$chr9$35563896$-%NM_001287239$FAM166B$chr9$35563896$-%NM_001287238$FAM166B$chr9$35563896$-,0.3
chr16:22202596-22202946,NM_001164579$C16orf52$chr16$22019455$+,0.37
chr19:35809679-35810380,NM_001164605$FXYD5$chr19$35645844$+,0.37
chr8:141598802-141599709,NM_001164623$AGO2$chr8$141645646$-%NM_012154$AGO2$chr8$141645646$-,0.45
chr14:23293879-23294567,NM_001164816$ACIN1$chr14$23540779$-%NM_001164817$ACIN1$chr14$23540779$-,0.3
chr11:18404883-18405218,NM_001165414$LDHA$chr11$18417812$+,0.3
chr11:18404883-18405218,NM_001165415$LDHA$chr11$18415935$+%NM_001135239$LDHA$chr11$18415935$+%NM_001165416$LDHA$chr11$18415935$+%NM_005566$LDHA$chr11$18415935$+,0.31
chr17:48367346-48367814,NM_001166131$EME1$chr17$48450580$+%NM_152463$EME1$chr17$48450580$+,0.7
chr1:161359666-161360218,NM_001166159$NDUFS2$chr1$161171936$+,0.34
chr3:50208155-50208394,NM_001166425$GNAI2$chr3$50284325$+,0.59
chr17:7737438-7738736,NM_001166621$TRAPPC1$chr17$7835317$-,0.43
chr17:7738822-7740614,NM_001166621$TRAPPC1$chr17$7835317$-,0.49
chr17:7746991-7747556,NM_001166621$TRAPPC1$chr17$7835317$-,0.36
chrX:70401853-70402134,NM_001166660$NLGN3$chrX$70364680$+%NM_018977$NLGN3$chrX$70364680$+%NM_181303$NLGN3$chrX$70364680$+,0.32
chr11:33711808-33712191,NM_001166692$C11orf91$chr11$33722286$-,0.46
chr2:227656309-227656561,NM_001167608$RHBDD1$chr2$227700670$+%NM_032276$RHBDD1$chr2$227700670$+,0.48
chr6:30716597-30717062,NM_001167733$VARS2$chr6$30881984$+%NM_020442$VARS2$chr6$30881984$+,0.42
chr6:30720004-30720713,NM_001167733$VARS2$chr6$30881984$+%NM_020442$VARS2$chr6$30881984$+,0.37
chr6:30736850-30737361,NM_001167733$VARS2$chr6$30881984$+%NM_020442$VARS2$chr6$30881984$+,0.34
chr6:30720004-30720713,NM_001167734$VARS2$chr6$30882107$+,0.35
chr17:48367346-48367814,NM_001168215$TMEM92$chr17$48348766$+,0.36
chr5:38660472-38660667,NM_001168355$OSMR$chr5$38845959$+,0.31
chr19:11642939-11643084,NM_001170635$LPPR2$chr19$11466061$+%NM_022737$LPPR2$chr19$11466061$+,0.33
chr16:75278988-75279894,NM_001170715$BCAR1$chr16$75301951$-,0.31
chr16:75278988-75279894,NM_001170716$BCAR1$chr16$75300707$-,0.5
chr16:75278988-75279894,NM_001170718$BCAR1$chr16$75299905$-%NM_001170714$BCAR1$chr16$75299905$-,0.39
chr16:75278988-75279894,NM_001170719$BCAR1$chr16$75282224$-,0.45
chr16:75278988-75279894,NM_001170720$BCAR1$chr16$75299846$-,0.31
chr16:75278988-75279894,NM_001170721$BCAR1$chr16$75272980$-,0.35
chr11:64140304-64140795,NM_001170726$GPR137$chr11$64051810$+,0.6
chr12:53615195-53615822,NM_001170790$MFSD5$chr12$53645369$+,0.36
chr11:64140304-64140795,NM_001170881$GPR137$chr11$64052284$+,0.58
chr19:18527231-18527472,NM_001170938$ISYNA1$chr19$18549111$-%NM_016368$ISYNA1$chr19$18549111$-,0.72
chr19:18527701-18528040,NM_001170938$ISYNA1$chr19$18549111$-%NM_016368$ISYNA1$chr19$18549111$-,0.67
chr19:18528263-18528792,NM_001170938$ISYNA1$chr19$18549111$-%NM_016368$ISYNA1$chr19$18549111$-,0.68
chr19:4456385-4456784,NM_001171091$UBXN6$chr19$4455295$-,0.59
chrX:70401853-70402134,NM_001171163$ZMYM3$chrX$70474499$-%NM_005096$ZMYM3$chrX$70474499$-,0.58
chr5:171602273-171602685,NM_001171183$EFCAB9$chr5$171621175$+,0.32
chr2:47270774-47271231,NM_001171508$MCFD2$chr2$47168994$-%NM_001171511$MCFD2$chr2$47168994$-,0.44
chr22:38143248-38143734,NM_001171690$GCAT$chr22$38203911$+%NM_014291$GCAT$chr22$38203911$+,0.44
chr8:21999982-22000221,NM_001172410$SFTPC$chr8$22019183$+%NM_001172357$SFTPC$chr8$22019183$+%NM_003018$SFTPC$chr8$22019183$+,0.3
chr6:52217307-52217701,NM_001172420$EFHC1$chr6$52285804$+,0.58
chr12:58281637-58282038,NM_001172697$TSFM$chr12$58176527$+%NM_001172695$TSFM$chr12$58176527$+%NM_001172696$TSFM$chr12$58176527$+%NM_005726$TSFM$chr12$58176527$+,0.48
chr12:53615195-53615822,NM_001173466$AAAS$chr12$53715412$-%NM_015665$AAAS$chr12$53715412$-,0.41
chr11:64140304-64140795,NM_001177358$GPR137$chr11$64052282$+,0.58
chr6:31702368-31703528,NM_001177515$ABHD16A$chr6$31670850$-,0.62
chr2:10260365-10260994,NM_001177718$KLF11$chr2$10184371$+,0.38
chr6:31702368-31703528,NM_001178063$C2$chr6$31868775$+,0.48
chr6:28072476-28072872,NM_001184743$PGBD1$chr6$28249313$+%NM_032507$PGBD1$chr6$28249313$+,0.48
chr22:43333511-43333722,NM_001184970$PACSIN2$chr22$43411184$-,0.68
chr22:43333511-43333722,NM_001184971$PACSIN2$chr22$43355887$-,0.47
chr22:19874514-19874924,NM_001185024$ZDHHC8$chr22$20119363$+%NM_013373$ZDHHC8$chr22$20119363$+,0.36
chr19:35809679-35810380,NM_001185100$CD22$chr19$35820071$+%NM_001771$CD22$chr19$35820071$+%NM_001185099$CD22$chr19$35820071$+%NM_001185101$CD22$chr19$35820071$+,0.46
chr16:66960903-66961306,NM_001185176$CES3$chr16$67001377$+,0.37
chr16:66906996-66907469,NM_001190201$CES4A$chr16$67034415$+%NM_001190202$CES4A$chr16$67034415$+,0.34
chr20:30262675-30263005,NM_001191$BCL2L1$chr20$30310656$-%NM_138578$BCL2L1$chr20$30310656$-,0.63
chr9:131929415-131929566,NM_001193397$PPP2R4$chr9$131873966$+,0.64
chr5:150464543-150466084,NM_001193544$ANXA6$chr5$150521216$-,0.46
chr17:80454894-80455238,NM_001193655$C17orf62$chr17$80407602$-,0.47
chr17:80454894-80455238,NM_001193657$C17orf62$chr17$80408707$-%NM_001193654$C17orf62$chr17$80408707$-%NM_001193653$C17orf62$chr17$80408707$-%NM_001100407$C17orf62$chr17$80408707$-%NM_001033046$C17orf62$chr17$80408707$-%NM_001100408$C17orf62$chr17$80408707$-,0.81
chr5:138620359-138620541,NM_001194956$MATR3$chr5$138629438$+%NM_001194955$MATR3$chr5$138629438$+,0.31
chr1:24691833-24692082,NM_001195010$GRHL3$chr1$24646055$+,0.34
chr12:7034730-7034838,NM_001195017$CD4$chr12$6898637$+%NM_001195014$CD4$chr12$6898637$+%NM_001195015$CD4$chr12$6898637$+%NM_000616$CD4$chr12$6898637$+%NM_001195016$CD4$chr12$6898637$+,0.47
chr7:128468302-128468509,NM_001195150$LOC100130705$chr7$128506463$+,0.44
chr9:35603992-35604628,NM_001195201$CCDC107$chr9$35658286$+%NM_174923$CCDC107$chr9$35658286$+%NM_001195217$CCDC107$chr9$35658286$+%NM_001195200$CCDC107$chr9$35658286$+,0.57
chr19:3655813-3656105,NM_001195733$PIP5K1C$chr19$3700477$-%NM_012398$PIP5K1C$chr19$3700477$-,0.46
chr1:2574343-2574764,NM_001195741$FAM213B$chr1$2518188$+%NM_152371$FAM213B$chr1$2518188$+%NM_001195738$FAM213B$chr1$2518188$+%NM_001195737$FAM213B$chr1$2518188$+%NM_001195736$FAM213B$chr1$2518188$+%NM_001195740$FAM213B$chr1$2518188$+,0.6
chr22:43333511-43333722,NM_001197$BIK$chr22$43506753$+,0.46
chr10:74056833-74058104,NM_001198798$ASCC1$chr10$73975867$-,0.62
chr10:74056833-74058104,NM_001198799$ASCC1$chr10$73976199$-%NM_001198800$ASCC1$chr10$73976199$-,0.54
chr11:66494780-66495327,NM_001198837$RBM14$chr11$66384052$+%NM_001198846$RBM14-RBM4$chr11$66384052$+%NM_001198845$RBM14-RBM4$chr11$66384052$+%NM_006328$RBM14$chr11$66384052$+%NM_001198836$RBM14$chr11$66384052$+,0.37
chr11:66494780-66495327,NM_001198844$RBM4$chr11$66406087$+%NM_001198843$RBM4$chr11$66406087$+%NM_002896$RBM4$chr11$66406087$+,0.32
chr1:42774668-42774801,NM_001198850$FOXJ3$chr1$42801548$-,0.5
chr7:128468302-128468509,NM_001198909$ATP6V1F$chr7$128502856$+%NM_004231$ATP6V1F$chr7$128502856$+,0.48
chr12:27613510-27613909,NM_001198916$PPFIBP1$chr12$27677044$+%NM_003622$PPFIBP1$chr12$27677044$+%NM_177444$PPFIBP1$chr12$27677044$+%NM_001198915$PPFIBP1$chr12$27677044$+,0.44
chr12:27702695-27702969,NM_001198916$PPFIBP1$chr12$27677044$+%NM_003622$PPFIBP1$chr12$27677044$+%NM_177444$PPFIBP1$chr12$27677044$+%NM_001198915$PPFIBP1$chr12$27677044$+,0.44
chr8:21999982-22000221,NM_001199$BMP1$chr8$22022652$+%NM_006129$BMP1$chr8$22022652$+,0.38
chr1:24691833-24692082,NM_001199012$STPG1$chr1$24741587$-,0.31
chr1:24691833-24692082,NM_001199014$STPG1$chr1$24740262$-%NM_178122$STPG1$chr1$24740262$-%NM_001199013$STPG1$chr1$24740262$-,0.59
chr2:128598749-128599093,NM_001199140$AMMECR1L$chr2$128643514$-,0.49
chr6:31702368-31703528,NM_001199237$GPANK1$chr6$31634060$-,0.38
chr6:31702368-31703528,NM_001199239$GPANK1$chr6$31633639$-%NM_001199238$GPANK1$chr6$31633639$-,0.34
chr6:31702368-31703528,NM_001199240$GPANK1$chr6$31633407$-,0.36
chr20:35490387-35490628,NM_001199534$C20orf24$chr20$35234136$+%NM_199483$C20orf24$chr20$35234136$+%NM_018840$C20orf24$chr20$35234136$+,0.48
chr1:156718467-156719136,NM_001199723$CRABP2$chr1$156675608$-,0.58
chr20:1398801-1399138,NM_001199784$SDCBP2$chr20$1306513$-,0.44
chr1:161359666-161360218,NM_001199873$B4GALT3$chr1$161147758$-%NM_003779$B4GALT3$chr1$161147758$-%NM_001199874$B4GALT3$chr1$161147758$-,0.48
chr17:48139711-48140314,NM_001199898$PDK2$chr17$48172100$+,0.81
chr17:48139711-48140314,NM_001199899$PDK2$chr17$48173058$+,0.53
chr19:4456385-4456784,NM_001199943$SH3GL1$chr19$4400565$-%NM_003025$SH3GL1$chr19$4400565$-,0.3
chr19:4456385-4456784,NM_001199944$SH3GL1$chr19$4400415$-,0.45
chr3:50208155-50208394,NM_001200032$HYAL3$chr3$50336899$-%NM_001200031$HYAL3$chr3$50336899$-%NM_003549$HYAL3$chr3$50336899$-%NM_001200030$HYAL3$chr3$50336899$-,0.33
chr7:128468302-128468509,NM_001201372$CCDC136$chr7$128431463$+,0.66
chr1:185109809-185110137,NM_001202423$TRMT1L$chr1$185126230$-,0.53
chr6:30720004-30720713,NM_001202523$DDR1$chr6$30852756$+,0.3
chr1:27024638-27025138,NM_001202554$PIGV$chr1$27114678$+,0.6
chr1:27191386-27191927,NM_001202554$PIGV$chr1$27114678$+,0.68
chr11:77751153-77751354,NM_001203262$NDUFC2-KCTD14$chr11$77791265$-%NM_001203260$NDUFC2-KCTD14$chr11$77791265$-%NM_001204055$NDUFC2$chr11$77791265$-%NM_004549$NDUFC2$chr11$77791265$-%NM_001203261$NDUFC2-KCTD14$chr11$77791265$-%NM_001204054$NDUFC2$chr11$77791265$-,0.3
chr16:66960903-66961306,NM_001204744$CDH16$chr16$66952887$-%NM_001204746$CDH16$chr16$66952887$-%NM_001204745$CDH16$chr16$66952887$-%NM_004062$CDH16$chr16$66952887$-,0.38
chr6:86113432-86113601,NM_001204813$NT5E$chr6$86159301$+%NM_002526$NT5E$chr6$86159301$+,0.3
chr6:86114496-86114829,NM_001204813$NT5E$chr6$86159301$+%NM_002526$NT5E$chr6$86159301$+,0.35
chr6:86174491-86174911,NM_001204813$NT5E$chr6$86159301$+%NM_002526$NT5E$chr6$86159301$+,0.42
chr20:57198784-57199334,NM_001204868$STX16$chr20$57226308$+%NM_003763$STX16$chr20$57226308$+%NM_001134772$STX16$chr20$57226308$+%NM_001134773$STX16$chr20$57226308$+%NM_001001433$STX16$chr20$57226308$+,0.49
chr3:196064212-196064579,NM_001204898$TM4SF19$chr3$196065291$-%NM_001204897$TM4SF19$chr3$196065291$-%NM_138461$TM4SF19$chr3$196065291$-,0.5
chr1:956563-956812,NM_001205252$RNF223$chr1$1009687$-,0.41
chr9:73033763-73035382,NM_001206$KLF9$chr9$73029573$-,0.35
chr11:34676467-34676782,NM_001206616$EHF$chr11$34654010$+,0.43
chr12:54072437-54072838,NM_001206683$ATF7$chr12$54019780$-,0.31
chr11:65261229-65261625,NM_001206833$KAT5$chr11$65479472$+%NM_182709$KAT5$chr11$65479472$+%NM_006388$KAT5$chr11$65479472$+%NM_182710$KAT5$chr11$65479472$+,0.38
chr11:65419981-65420225,NM_001206833$KAT5$chr11$65479472$+%NM_182709$KAT5$chr11$65479472$+%NM_006388$KAT5$chr11$65479472$+%NM_182710$KAT5$chr11$65479472$+,0.39
chr2:219270976-219271406,NM_001206878$CTDSP1$chr2$219263060$+,0.54
chr2:201411222-201411458,NM_001207068$BZW1$chr2$201677055$+,0.43
chr2:201411222-201411458,NM_001207069$BZW1$chr2$201676907$+,0.43
chr9:35603992-35604628,NM_001216$CA9$chr9$35673914$+,0.3
chr11:65666492-65667203,NM_001242486$EIF1AD$chr11$65769637$-%NM_001242481$EIF1AD$chr11$65769637$-%NM_001242485$EIF1AD$chr11$65769637$-%NM_001242484$EIF1AD$chr11$65769637$-%NM_001242483$EIF1AD$chr11$65769637$-%NM_001242482$EIF1AD$chr11$65769637$-%NM_032325$EIF1AD$chr11$65769637$-,0.58
chr11:65782974-65783337,NM_001242486$EIF1AD$chr11$65769637$-%NM_001242481$EIF1AD$chr11$65769637$-%NM_001242485$EIF1AD$chr11$65769637$-%NM_001242484$EIF1AD$chr11$65769637$-%NM_001242483$EIF1AD$chr11$65769637$-%NM_001242482$EIF1AD$chr11$65769637$-%NM_032325$EIF1AD$chr11$65769637$-,0.46
chr10:74056833-74058104,NM_001242547$ANAPC16$chr10$73975757$+%NM_173473$ANAPC16$chr10$73975757$+%NM_001242546$ANAPC16$chr10$73975757$+%NM_001242548$ANAPC16$chr10$73975757$+,0.6
chr12:52540964-52541526,NM_001242696$C12orf80$chr12$52604639$-,0.35
chr7:101929978-101930313,NM_001242713$LOC100289561$chr7$102004307$+,0.41
chr16:89313669-89314138,NM_001242757$SLC22A31$chr16$89266529$-,0.64
chr18:53332836-53333181,NM_001243226$TCF4$chr18$53303224$-,0.44
chr16:89313669-89314138,NM_001243279$ACSF3$chr16$89160216$+%NM_001127214$ACSF3$chr16$89160216$+%NM_174917$ACSF3$chr16$89160216$+%NM_001284316$ACSF3$chr16$89160216$+,0.36
chr13:34253090-34253722,NM_001243476$STARD13$chr13$34250972$-,0.63
chr22:19874514-19874924,NM_001243537$LOC388849$chr22$20137431$-,0.45
chr17:76929562-76929807,NM_001243540$KIAA1731NL$chr17$76899299$-%NM_001243541$KIAA1731NL$chr17$76899299$-,0.34
chr17:76930060-76930674,NM_001243540$KIAA1731NL$chr17$76899299$-%NM_001243541$KIAA1731NL$chr17$76899299$-,0.34
chr14:35250371-35250766,NM_001243645$CFL2$chr14$35183761$-,0.36
chr16:30645556-30645885,NM_001243646$CD2BP2$chr16$30366255$-,0.51
chr11:65244638-65245303,NM_001243984$RELA$chr11$65430443$-%NM_021975$RELA$chr11$65430443$-%NM_001145138$RELA$chr11$65430443$-%NM_001243985$RELA$chr11$65430443$-,0.48
chr11:65261229-65261625,NM_001243984$RELA$chr11$65430443$-%NM_021975$RELA$chr11$65430443$-%NM_001145138$RELA$chr11$65430443$-%NM_001243985$RELA$chr11$65430443$-,0.32
chr11:65419981-65420225,NM_001243984$RELA$chr11$65430443$-%NM_021975$RELA$chr11$65430443$-%NM_001145138$RELA$chr11$65430443$-%NM_001243985$RELA$chr11$65430443$-,0.48
chr11:65420425-65420654,NM_001243984$RELA$chr11$65430443$-%NM_021975$RELA$chr11$65430443$-%NM_001145138$RELA$chr11$65430443$-%NM_001243985$RELA$chr11$65430443$-,0.41
chr11:65666492-65667203,NM_001243984$RELA$chr11$65430443$-%NM_021975$RELA$chr11$65430443$-%NM_001145138$RELA$chr11$65430443$-%NM_001243985$RELA$chr11$65430443$-,0.35
chr9:117657108-117657611,NM_001244$TNFSF8$chr9$117692875$-%NM_001252290$TNFSF8$chr9$117692875$-,0.4
chr12:53615195-53615822,NM_001244705$CSAD$chr12$53574693$-,0.4
chr12:53615195-53615822,NM_001244706$CSAD$chr12$53558277$-,0.47
chr3:71149356-71149810,NM_001244813$FOXP1$chr3$71114074$-,0.34
chr3:71150221-71150629,NM_001244813$FOXP1$chr3$71114074$-,0.4
chr3:71149356-71149810,NM_001244815$FOXP1$chr3$71180092$-,0.32
chr3:71150221-71150629,NM_001244815$FOXP1$chr3$71180092$-,0.51
chr11:19649981-19650160,NM_001244963$NAV2$chr11$19734880$+%NM_145117$NAV2$chr11$19734880$+%NM_182964$NAV2$chr11$19734880$+,0.32
chr10:33654373-33654479,NM_001244973$NRP1$chr10$33623833$-%NM_003873$NRP1$chr10$33623833$-%NM_001244972$NRP1$chr10$33623833$-%NM_001024629$NRP1$chr10$33623833$-%NM_001024628$NRP1$chr10$33623833$-,0.45
chr10:33654776-33655204,NM_001244973$NRP1$chr10$33623833$-%NM_003873$NRP1$chr10$33623833$-%NM_001244972$NRP1$chr10$33623833$-%NM_001024629$NRP1$chr10$33623833$-%NM_001024628$NRP1$chr10$33623833$-,0.41
chr12:69036661-69037118,NM_001251922$RAP1B$chr12$69004618$+%NM_015646$RAP1B$chr12$69004618$+%NM_001251921$RAP1B$chr12$69004618$+%NM_001251918$RAP1B$chr12$69004618$+%NM_001251917$RAP1B$chr12$69004618$+%NM_001010942$RAP1B$chr12$69004618$+,0.46
chr5:133891612-133892163,NM_001252231$SEC24A$chr5$133984474$+%NM_021982$SEC24A$chr5$133984474$+,0.46
chr17:72978355-72978661,NM_001252377$NT5C$chr17$73127890$-%NM_014595$NT5C$chr17$73127890$-,0.3
chr19:18527231-18527472,NM_001253389$ISYNA1$chr19$18548119$-,0.77
chr19:18527701-18528040,NM_001253389$ISYNA1$chr19$18548119$-,0.71
chr19:18528263-18528792,NM_001253389$ISYNA1$chr19$18548119$-,0.77
chr6:30720004-30720713,NM_001254952$ATAT1$chr6$30594614$+,0.41
chr6:30736850-30737361,NM_001254952$ATAT1$chr6$30594614$+,0.48
chr17:40670495-40670831,NM_001256014$PSMC3IP$chr17$40729734$-,0.54
chr10:27531769-27532240,NM_001256053$ANKRD26$chr10$27389427$-%NM_014915$ANKRD26$chr10$27389427$-,0.52
chr3:55178043-55178603,NM_001256105$WNT5A$chr3$55515426$-,0.37
chr6:31702368-31703528,NM_001256169$APOM$chr6$31620186$+,0.3
chr10:69854882-69855277,NM_001256267$MYPN$chr10$69865873$+,0.35
chr12:53229830-53230092,NM_001256282$KRT8$chr12$53320253$-,0.43
chr8:23618921-23619563,NM_001256339$NKX3-1$chr8$23540402$-,0.41
chr8:23710742-23711028,NM_001256339$NKX3-1$chr8$23540402$-,0.3
chr15:75746315-75746749,NM_001256496$MAN2C1$chr15$75660968$-%NM_001256494$MAN2C1$chr15$75660968$-%NM_001256495$MAN2C1$chr15$75660968$-%NM_006715$MAN2C1$chr15$75660968$-,0.5
chr22:43333511-43333722,NM_001256530$TSPO$chr22$43547940$+,0.31
chr22:43333511-43333722,NM_001256531$TSPO$chr22$43547938$+,0.31
chr16:30645556-30645885,NM_001256829$LOC100862671$chr16$30751511$+,0.42
chr22:30601535-30602099,NM_001257135$LIF$chr22$30642840$-%NM_002309$LIF$chr22$30642840$-,0.33
chr9:131929415-131929566,NM_001257363$CRAT$chr9$131873070$-%NM_000755$CRAT$chr9$131873070$-,0.37
chr12:7034730-7034838,NM_001258026$TPI1$chr12$6977277$+,0.51
chr16:22202596-22202946,NM_001258034$POLR3E$chr16$22308695$+%NM_018119$POLR3E$chr16$22308695$+%NM_001258036$POLR3E$chr16$22308695$+%NM_001258035$POLR3E$chr16$22308695$+%NM_001258033$POLR3E$chr16$22308695$+,0.64
chr11:111402540-111402739,NM_001258391$LAYN$chr11$111411232$+%NM_001258390$LAYN$chr11$111411232$+%NM_178834$LAYN$chr11$111411232$+,0.37
chr5:150464543-150466084,NM_001258456$TNIP1$chr5$150444692$-%NM_001258455$TNIP1$chr5$150444692$-,0.49
chr1:94158601-94159338,NM_001261408$BCAR3$chr1$94312706$-,0.41
chr1:94158601-94159338,NM_001261410$BCAR3$chr1$94079702$-,0.34
chr1:101202267-101202571,NM_001261440$EXTL2$chr1$101360735$-%NM_001439$EXTL2$chr1$101360735$-%NM_001261442$EXTL2$chr1$101360735$-%NM_001261441$EXTL2$chr1$101360735$-%NM_001033025$EXTL2$chr1$101360735$-,0.3
chr5:159592107-159592427,NM_001267035$PWWP2A$chr5$159546452$-%NM_052927$PWWP2A$chr5$159546452$-%NM_001130864$PWWP2A$chr5$159546452$-,0.31
chr12:19566135-19566181,NM_001267043$AEBP2$chr12$19593514$+,0.38
chr14:52006399-52006758,NM_001267047$FRMD6$chr14$52184000$+,0.37
chr19:3655813-3656105,NM_001267560$TJP3$chr19$3708334$+,0.4
chr19:13262107-13262928,NM_001270363$RAD23A$chr19$13056627$+%NM_001270362$RAD23A$chr19$13056627$+%NM_005053$RAD23A$chr19$13056627$+,0.64
chr19:13278382-13278991,NM_001270363$RAD23A$chr19$13056627$+%NM_001270362$RAD23A$chr19$13056627$+%NM_005053$RAD23A$chr19$13056627$+,0.41
chr11:8273804-8274153,NM_001270428$LMO1$chr11$8290182$-,0.53
chr19:13262107-13262928,NM_001270440$RTBDN$chr19$12946242$-%NM_031429$RTBDN$chr19$12946242$-,0.39
chr6:52217307-52217701,NM_001270472$MCM3$chr6$52149679$-%NM_002388$MCM3$chr6$52149679$-,0.49
chr19:42784527-42784991,NM_001270614$DEDD2$chr19$42724304$-,0.66
chr6:30716597-30717062,NM_001270707$NRM$chr6$30658906$-%NM_001270709$NRM$chr6$30658906$-%NM_001270708$NRM$chr6$30658906$-%NM_001270710$NRM$chr6$30658906$-,0.38
chr6:30720004-30720713,NM_001270707$NRM$chr6$30658906$-%NM_001270709$NRM$chr6$30658906$-%NM_001270708$NRM$chr6$30658906$-%NM_001270710$NRM$chr6$30658906$-,0.3
chr6:30736850-30737361,NM_001270707$NRM$chr6$30658906$-%NM_001270709$NRM$chr6$30658906$-%NM_001270708$NRM$chr6$30658906$-%NM_001270710$NRM$chr6$30658906$-,0.46
chr14:56047594-56047945,NM_001271014$KTN1$chr14$56046924$+%NM_001079521$KTN1$chr14$56046924$+%NM_004986$KTN1$chr14$56046924$+%NM_001079522$KTN1$chr14$56046924$+,0.39
chr19:13262107-13262928,NM_001271044$NFIX$chr19$13134784$+,0.5
chr19:13278382-13278991,NM_001271044$NFIX$chr19$13134784$+,0.39
chr14:65637410-65637773,NM_001271069$MAX$chr14$65569262$-%NM_197957$MAX$chr14$65569262$-%NM_145112$MAX$chr14$65569262$-%NM_145114$MAX$chr14$65569262$-%NM_145113$MAX$chr14$65569262$-%NM_001271068$MAX$chr14$65569262$-%NM_002382$MAX$chr14$65569262$-,0.54
chr15:45748469-45749175,NM_001271213$SQRDL$chr15$45923345$+,0.34
chr4:89454373-89454723,NM_001271602$HERC3$chr4$89513573$+%NM_014606$HERC3$chr4$89513573$+,0.62
chr19:13262107-13262928,NM_001271609$STX10$chr19$13261188$-%NM_001271611$STX10$chr19$13261188$-%NM_003765$STX10$chr19$13261188$-%NM_001271610$STX10$chr19$13261188$-,0.42
chr19:13273540-13274187,NM_001271609$STX10$chr19$13261188$-%NM_001271611$STX10$chr19$13261188$-%NM_003765$STX10$chr19$13261188$-%NM_001271610$STX10$chr19$13261188$-,0.36
chr6:37104908-37105418,NM_001271641$MTCH1$chr6$36954327$-%NM_014341$MTCH1$chr6$36954327$-,0.4
chr19:47776748-47776969,NM_001271749$C5AR2$chr19$47835403$+,0.48
chr17:72978355-72978661,NM_001271765$SLC16A5$chr17$73083821$+,0.35
chr1:153936554-153936861,NM_001271957$SLC39A1$chr1$153935844$-,0.4
chr1:153936554-153936861,NM_001271958$SLC39A1$chr1$153936117$-%NM_001271961$SLC39A1$chr1$153936117$-,0.53
chr1:153936554-153936861,NM_001271959$SLC39A1$chr1$153935968$-,0.44
chr1:153936554-153936861,NM_001271960$SLC39A1$chr1$153940660$-,0.35
chr6:44031882-44032664,NM_001271970$HSP90AB1$chr6$44213902$+,0.36
chr14:75086409-75086922,NM_001272007$ISCA2$chr14$74960422$+%NM_194279$ISCA2$chr14$74960422$+,0.32
chr1:153936554-153936861,NM_001272038$RAB13$chr1$153957842$-,0.45
chr9:116385277-116385518,NM_001276262$RGS3$chr9$116356433$+,0.33
chr21:39723755-39724311,NM_001276436$KCNJ15$chr21$39628619$+%NM_001276435$KCNJ15$chr21$39628619$+%NM_002243$KCNJ15$chr21$39628619$+,0.48
chr21:39616792-39617335,NM_001276439$KCNJ15$chr21$39601836$+%NM_001276438$KCNJ15$chr21$39601836$+%NM_001276437$KCNJ15$chr21$39601836$+,0.44
chr21:39618516-39618880,NM_001276439$KCNJ15$chr21$39601836$+%NM_001276438$KCNJ15$chr21$39601836$+%NM_001276437$KCNJ15$chr21$39601836$+,0.32
chr21:39627542-39628109,NM_001276439$KCNJ15$chr21$39601836$+%NM_001276438$KCNJ15$chr21$39601836$+%NM_001276437$KCNJ15$chr21$39601836$+,0.36
chr17:7737438-7738736,NM_001276761$TP53$chr17$7590868$-%NM_001276760$TP53$chr17$7590868$-%NM_001126112$TP53$chr17$7590868$-%NM_001126114$TP53$chr17$7590868$-%NM_001276695$TP53$chr17$7590868$-%NM_000546$TP53$chr17$7590868$-%NM_001126118$TP53$chr17$7590868$-%NM_001276696$TP53$chr17$7590868$-%NM_001126113$TP53$chr17$7590868$-,0.33
chr17:7738822-7740614,NM_001276761$TP53$chr17$7590868$-%NM_001276760$TP53$chr17$7590868$-%NM_001126112$TP53$chr17$7590868$-%NM_001126114$TP53$chr17$7590868$-%NM_001276695$TP53$chr17$7590868$-%NM_000546$TP53$chr17$7590868$-%NM_001126118$TP53$chr17$7590868$-%NM_001276696$TP53$chr17$7590868$-%NM_001126113$TP53$chr17$7590868$-,0.4
chr17:7746991-7747556,NM_001276761$TP53$chr17$7590868$-%NM_001276760$TP53$chr17$7590868$-%NM_001126112$TP53$chr17$7590868$-%NM_001126114$TP53$chr17$7590868$-%NM_001276695$TP53$chr17$7590868$-%NM_000546$TP53$chr17$7590868$-%NM_001126118$TP53$chr17$7590868$-%NM_001276696$TP53$chr17$7590868$-%NM_001126113$TP53$chr17$7590868$-,0.37
chr1:159859603-159860031,NM_001277223$TAGLN2$chr1$159894341$-,0.31
chr1:159859603-159860031,NM_001277224$TAGLN2$chr1$159893507$-,0.45
chr15:33440518-33440847,NM_001277313$FMN1$chr15$33486934$-%NM_001277314$FMN1$chr15$33486934$-,0.32
chr6:28072476-28072872,NM_001278121$ZKSCAN8$chr6$28109988$+,0.55
chr6:28072476-28072872,NM_001278122$ZKSCAN8$chr6$28109687$+%NM_001278119$ZKSCAN8$chr6$28109687$+%NM_006298$ZKSCAN8$chr6$28109687$+,0.41
chr10:69854882-69855277,NM_001278185$HERC4$chr10$69835103$-%NM_001278186$HERC4$chr10$69835103$-%NM_015601$HERC4$chr10$69835103$-%NM_022079$HERC4$chr10$69835103$-%NM_001278187$HERC4$chr10$69835103$-,0.42
chr11:65244638-65245303,NM_001278250$SLC25A45$chr11$65149857$-%NM_001300820$SLC25A45$chr11$65149857$-,0.7
chr11:65244638-65245303,NM_001278251$SLC25A45$chr11$65151172$-,0.7
chr11:65261229-65261625,NM_001278251$SLC25A45$chr11$65151172$-,0.35
chr12:31902136-31902566,NM_001278411$AMN1$chr12$31882108$-%NM_001113402$AMN1$chr12$31882108$-%NM_001278412$AMN1$chr12$31882108$-,0.55
chr19:35809679-35810380,NM_001278417$CD22$chr19$35820068$+,0.46
chr7:6677371-6677641,NM_001278559$ZNF316$chr7$6676952$+,0.31
chr7:6741580-6741996,NM_001278559$ZNF316$chr7$6676952$+,0.56
chr19:41771602-41771660,NM_001278599$AXL$chr19$41732659$+,0.4
chr22:19874514-19874924,NM_001278641$RANBP1$chr22$20105475$+,0.36
chr18:3623872-3624258,NM_001278682$TGIF1$chr18$3449410$+,0.32
chr22:37638328-37638951,NM_001278687$SSTR3$chr22$37606729$-,0.47
chr19:1172839-1173266,NM_001280$CIRBP$chr19$1269266$+,0.58
chr20:45870109-45870518,NM_001281779$ZMYND8$chr20$45985633$-%NM_001281778$ZMYND8$chr20$45985633$-%NM_001281776$ZMYND8$chr20$45985633$-%NM_001281775$ZMYND8$chr20$45985633$-%NM_001281774$ZMYND8$chr20$45985633$-%NM_001281773$ZMYND8$chr20$45985633$-%NM_183047$ZMYND8$chr20$45985633$-%NM_001281782$ZMYND8$chr20$45985633$-%NM_001281784$ZMYND8$chr20$45985633$-%NM_001281771$ZMYND8$chr20$45985633$-%NM_012408$ZMYND8$chr20$45985633$-%NM_001281781$ZMYND8$chr20$45985633$-%NM_001281780$ZMYND8$chr20$45985633$-%NM_001281777$ZMYND8$chr20$45985633$-%NM_183048$ZMYND8$chr20$45985633$-%NM_001281783$ZMYND8$chr20$45985633$-%NM_001281772$ZMYND8$chr20$45985633$-%NM_001281769$ZMYND8$chr20$45985633$-,0.42
chr20:45946049-45946481,NM_001281779$ZMYND8$chr20$45985633$-%NM_001281778$ZMYND8$chr20$45985633$-%NM_001281776$ZMYND8$chr20$45985633$-%NM_001281775$ZMYND8$chr20$45985633$-%NM_001281774$ZMYND8$chr20$45985633$-%NM_001281773$ZMYND8$chr20$45985633$-%NM_183047$ZMYND8$chr20$45985633$-%NM_001281782$ZMYND8$chr20$45985633$-%NM_001281784$ZMYND8$chr20$45985633$-%NM_001281771$ZMYND8$chr20$45985633$-%NM_012408$ZMYND8$chr20$45985633$-%NM_001281781$ZMYND8$chr20$45985633$-%NM_001281780$ZMYND8$chr20$45985633$-%NM_001281777$ZMYND8$chr20$45985633$-%NM_183048$ZMYND8$chr20$45985633$-%NM_001281783$ZMYND8$chr20$45985633$-%NM_001281772$ZMYND8$chr20$45985633$-%NM_001281769$ZMYND8$chr20$45985633$-,0.45
chr16:30645556-30645885,NM_001282351$FBXL19$chr16$30934375$+,0.67
chr7:75795833-75796053,NM_001282404$MDH2$chr7$75677336$+%NM_005918$MDH2$chr7$75677336$+%NM_001282403$MDH2$chr7$75677336$+,0.46
chr11:77751153-77751354,NM_001282406$KCTD14$chr11$77757237$-,0.36
chr7:2903227-2903785,NM_001282440$GNA12$chr7$2802774$-,0.46
chr7:2903227-2903785,NM_001282441$GNA12$chr7$2854893$-,0.45
chr11:64140304-64140795,NM_001282450$ESRRA$chr11$64073698$+,0.48
chr11:64140304-64140795,NM_001282451$ESRRA$chr11$64072999$+%NM_004451$ESRRA$chr11$64072999$+,0.31
chr1:28189568-28190269,NM_001282562$EYA3$chr1$28415148$-%NM_001282561$EYA3$chr1$28415148$-%NM_001282560$EYA3$chr1$28415148$-%NM_001990$EYA3$chr1$28415148$-,0.42
chr3:50208155-50208394,NM_001282617$GNAI2$chr3$50268207$+,0.45
chr3:50208155-50208394,NM_001282620$GNAI2$chr3$50264119$+%NM_001282619$GNAI2$chr3$50264119$+,0.57
chr10:6171883-6172155,NM_001282630$PFKFB3$chr10$6188278$+,0.56
chr10:6245814-6246792,NM_001282630$PFKFB3$chr10$6188278$+,0.47
chr11:12188567-12188982,NM_001282663$MICAL2$chr11$12132122$+%NM_014632$MICAL2$chr11$12132122$+%NM_001282668$MICAL2$chr11$12132122$+,0.54
chr11:12204570-12205016,NM_001282664$MICAL2$chr11$12159936$+%NM_001282665$MICAL2$chr11$12159936$+,0.4
chr11:12188567-12188982,NM_001282666$MICAL2$chr11$12183625$+%NM_001282667$MICAL2$chr11$12183625$+,0.35
chr11:12204570-12205016,NM_001282666$MICAL2$chr11$12183625$+%NM_001282667$MICAL2$chr11$12183625$+,0.43
chr2:20385260-20385778,NM_001282752$PUM2$chr2$20550611$-%NM_015317$PUM2$chr2$20550611$-,0.35
chr7:23501559-23501943,NM_001282757$TRA2A$chr7$23571660$-%NM_013293$TRA2A$chr7$23571660$-%NM_001282759$TRA2A$chr7$23571660$-%NM_001282758$TRA2A$chr7$23571660$-,0.39
chr7:23510676-23511223,NM_001282757$TRA2A$chr7$23571660$-%NM_013293$TRA2A$chr7$23571660$-%NM_001282759$TRA2A$chr7$23571660$-%NM_001282758$TRA2A$chr7$23571660$-,0.47
chr2:20385260-20385778,NM_001282791$PUM2$chr2$20527147$-%NM_001282790$PUM2$chr2$20527147$-,0.35
chr2:20386283-20386578,NM_001282791$PUM2$chr2$20527147$-%NM_001282790$PUM2$chr2$20527147$-,0.49
chr8:80705910-80706255,NM_001282851$HEY1$chr8$80678710$-,0.37
chr22:24255997-24256450,NM_001282864$SLC2A11$chr22$24199186$+,0.47
chr22:41809427-41810696,NM_001282884$POLR3H$chr22$41940610$-,0.37
chr2:232468888-232470128,NM_001282951$COPS7B$chr2$232646380$+%NM_001282949$COPS7B$chr2$232646380$+,0.34
chr14:23293879-23294567,NM_001282953$PRMT5$chr14$23398794$-%NM_006109$PRMT5$chr14$23398794$-%NM_001282955$PRMT5$chr14$23398794$-%NM_001282954$PRMT5$chr14$23398794$-%NM_001282956$PRMT5$chr14$23398794$-%NM_001039619$PRMT5$chr14$23398794$-,0.44
chr15:70391851-70392235,NM_001282982$TLE3$chr15$70387124$-,0.35
chr7:55529793-55530311,NM_001284283$VOPP1$chr7$55606360$-,0.38
chr7:55529793-55530311,NM_001284284$VOPP1$chr7$55605409$-,0.31
chr16:3156518-3156937,NM_001284513$PAQR4$chr16$3019342$+,0.51
chr11:66494780-66495327,NM_001286135$RBM4B$chr11$66445392$-%NM_031492$RBM4B$chr11$66445392$-,0.54
chr16:69790577-69791500,NM_001286137$NQO1$chr16$69760571$-,0.51
chr1:161359666-161360218,NM_001286373$TOMM40L$chr1$161195728$+%NM_032174$TOMM40L$chr1$161195728$+%NM_001286374$TOMM40L$chr1$161195728$+,0.53
chr14:105144100-105144955,NM_001286389$TMEM179$chr14$105071097$-%NM_001286390$TMEM179$chr14$105071097$-,0.37
chr6:44031882-44032664,NM_001286511$SLC35B2$chr6$44225627$-,0.3
chr6:44031882-44032664,NM_001286512$SLC35B2$chr6$44225089$-%NM_001286510$SLC35B2$chr6$44225089$-,0.3
chr6:44031882-44032664,NM_001286520$SLC35B2$chr6$44225308$-%NM_001286519$SLC35B2$chr6$44225308$-%NM_001286513$SLC35B2$chr6$44225308$-%NM_178148$SLC35B2$chr6$44225308$-%NM_001286509$SLC35B2$chr6$44225308$-%NM_001286517$SLC35B2$chr6$44225308$-,0.3
chr21:30374865-30375265,NM_001286617$MAP3K7CL$chr21$30449791$+%NM_001286634$MAP3K7CL$chr21$30449791$+%NM_001286618$MAP3K7CL$chr21$30449791$+%NM_020152$MAP3K7CL$chr21$30449791$+%NM_001286622$MAP3K7CL$chr21$30449791$+%NM_001286623$MAP3K7CL$chr21$30449791$+,0.52
chr21:30374865-30375265,NM_001286624$MAP3K7CL$chr21$30517879$+,0.33
chr9:131929415-131929566,NM_001287046$SH3GLB2$chr9$131790632$-%NM_020145$SH3GLB2$chr9$131790632$-%NM_001287045$SH3GLB2$chr9$131790632$-,0.38
chr2:10550434-10550795,NM_001287190$ODC1$chr2$10587925$-%NM_001287189$ODC1$chr2$10587925$-,0.35
chr15:90944087-90944636,NM_001287248$BLM$chr15$91260557$+%NM_001287246$BLM$chr15$91260557$+%NM_000057$BLM$chr15$91260557$+%NM_001287247$BLM$chr15$91260557$+,0.53
chr6:28072476-28072872,NM_001287421$ZSCAN26$chr6$28235136$+,0.36
chr6:31702368-31703528,NM_001287482$C6orf48$chr6$31802691$+%NM_001287487$C6orf48$chr6$31802691$+%NM_001287486$C6orf48$chr6$31802691$+%NM_001287483$C6orf48$chr6$31802691$+%NM_001287485$C6orf48$chr6$31802691$+%NM_001287488$C6orf48$chr6$31802691$+%NM_001040437$C6orf48$chr6$31802691$+%NM_001287484$C6orf48$chr6$31802691$+%NM_001040438$C6orf48$chr6$31802691$+,0.31
chr1:26201699-26201757,NM_001287490$AUNIP$chr1$26185949$-%NM_024037$AUNIP$chr1$26185949$-,0.56
chr1:42774668-42774801,NM_001287508$PPCS$chr1$42922164$+%NM_001077447$PPCS$chr1$42922164$+%NM_001287511$PPCS$chr1$42922164$+%NM_001287510$PPCS$chr1$42922164$+%NM_024664$PPCS$chr1$42922164$+%NM_001287509$PPCS$chr1$42922164$+,0.35
chr1:3817648-3818071,NM_001288583$SMIM1$chr1$3689324$+,0.33
chr17:72978355-72978661,NM_001288610$HN1$chr17$73149388$-,0.31
chr16:3156518-3156937,NM_001288665$HCFC1R1$chr16$3074287$-%NM_001288668$HCFC1R1$chr16$3074287$-%NM_017885$HCFC1R1$chr16$3074287$-%NM_001002018$HCFC1R1$chr16$3074287$-%NM_001288667$HCFC1R1$chr16$3074287$-%NM_001288666$HCFC1R1$chr16$3074287$-%NM_001002017$HCFC1R1$chr16$3074287$-,0.46
chr17:17743258-17743857,NM_001288789$TOM1L2$chr17$17875784$-%NM_001288788$TOM1L2$chr17$17875784$-%NM_001082968$TOM1L2$chr17$17875784$-%NM_001288787$TOM1L2$chr17$17875784$-%NM_001288786$TOM1L2$chr17$17875784$-%NM_001033551$TOM1L2$chr17$17875784$-,0.45
chr17:48367346-48367814,NM_001288968$ACSF2$chr17$48503518$+%NM_025149$ACSF2$chr17$48503518$+%NM_001288971$ACSF2$chr17$48503518$+%NM_001288970$ACSF2$chr17$48503518$+%NM_001288969$ACSF2$chr17$48503518$+%NM_001288972$ACSF2$chr17$48503518$+,0.39
chr14:23293879-23294567,NM_001289097$AJUBA$chr14$23451851$-%NM_032876$AJUBA$chr14$23451851$-,0.34
chr19:11642939-11643084,NM_001289102$PRKCSH$chr19$11546560$+,0.32
chr19:11642939-11643084,NM_001289104$PRKCSH$chr19$11546077$+%NM_001289103$PRKCSH$chr19$11546077$+%NM_001001329$PRKCSH$chr19$11546077$+,0.61
chr6:31702368-31703528,NM_001289413$EHMT2$chr6$31864983$-,0.33
chr19:34850085-34850642,NM_001289789$GPI$chr19$34855644$+%NM_001184722$GPI$chr19$34855644$+,0.38
chr19:34850085-34850642,NM_001289790$GPI$chr19$34856031$+%NM_000175$GPI$chr19$34856031$+,0.55
chr5:133891612-133892163,NM_001289985$JADE2$chr5$133861339$+%NM_001289984$JADE2$chr5$133861339$+,0.54
chr16:68271348-68271876,NM_001290018$PRMT7$chr16$68345016$+,0.63
chr10:28366743-28367106,NM_001290020$ARMC4$chr10$28287835$-,0.7
chr16:57717053-57717380,NM_001290143$GPR56$chr16$57653604$+%NM_001290142$GPR56$chr16$57653604$+,0.38
chr19:40939716-40940068,NM_001291311$PLD3$chr19$40865548$+,0.45
chr7:155754558-155754796,NM_001291913$LOC389602$chr7$155755325$+,0.3
chr12:66286698-66286979,NM_001292024$LOC100129940$chr12$66275947$-%NM_001292023$LOC100129940$chr12$66275947$-,0.34
chr17:55951789-55952442,NM_001292025$CUEDC1$chr17$55980750$-,0.53
chr6:30716597-30717062,NM_001293212$TUBB$chr6$30689325$+%NM_001293215$TUBB$chr6$30689325$+%NM_001293216$TUBB$chr6$30689325$+,0.39
chr6:30720004-30720713,NM_001293212$TUBB$chr6$30689325$+%NM_001293215$TUBB$chr6$30689325$+%NM_001293216$TUBB$chr6$30689325$+,0.54
chr6:30736850-30737361,NM_001293212$TUBB$chr6$30689325$+%NM_001293215$TUBB$chr6$30689325$+%NM_001293216$TUBB$chr6$30689325$+,0.71
chr6:30716597-30717062,NM_001293213$TUBB$chr6$30687977$+%NM_178014$TUBB$chr6$30687977$+%NM_001293214$TUBB$chr6$30687977$+,0.35
chr6:30720004-30720713,NM_001293213$TUBB$chr6$30687977$+%NM_178014$TUBB$chr6$30687977$+%NM_001293214$TUBB$chr6$30687977$+,0.58
chr6:30736850-30737361,NM_001293213$TUBB$chr6$30687977$+%NM_178014$TUBB$chr6$30687977$+%NM_001293214$TUBB$chr6$30687977$+,0.56
chr22:20863506-20864089,NM_001293237$MED15$chr22$20862334$+,0.37
chr17:75319028-75319523,NM_001293697$SEPT9$chr17$75447325$+,0.34
chr5:138897527-138897822,NM_001293739$ECSCR$chr5$138842328$-%NM_001077693$ECSCR$chr5$138842328$-,0.51
chr12:7034730-7034838,NM_001297603$CDCA3$chr12$6961230$-%NM_001297602$CDCA3$chr12$6961230$-%NM_031299$CDCA3$chr12$6961230$-%NM_001297604$CDCA3$chr12$6961230$-,0.59
chr1:2574343-2574764,NM_001297605$TNFRSF14$chr1$2487803$+%NM_003820$TNFRSF14$chr1$2487803$+,0.43
chr6:30720004-30720713,NM_001297654$DDR1$chr6$30852314$+%NM_001297653$DDR1$chr6$30852314$+,0.3
chr19:11642939-11643084,NM_001299$CNN1$chr19$11649578$+,0.55
chr12:53229830-53230092,NM_001300814$KRT78$chr12$53242067$-,0.36
chr19:1172839-1173266,NM_001300815$CIRBP$chr19$1269264$+%NM_001300829$CIRBP$chr19$1269264$+,0.58
chr5:132323487-132323535,NM_001300819$ZCCHC10$chr5$132362275$-%NM_001300822$ZCCHC10$chr5$132362275$-%NM_001300816$ZCCHC10$chr5$132362275$-%NM_001300817$ZCCHC10$chr5$132362275$-%NM_001300818$ZCCHC10$chr5$132362275$-%NM_001300825$ZCCHC10$chr5$132362275$-%NM_017665$ZCCHC10$chr5$132362275$-,0.44
chr1:234275805-234276023,NM_001300845$SLC35F3$chr1$234349956$+,0.52
chr19:3655813-3656105,NM_001300849$PIP5K1C$chr19$3700490$-,0.38
chr11:65419981-65420225,NM_001300855$FOSL1$chr11$65667997$-%NM_001300856$FOSL1$chr11$65667997$-%NM_001300857$FOSL1$chr11$65667997$-%NM_005438$FOSL1$chr11$65667997$-%NM_001300844$FOSL1$chr11$65667997$-,0.43
chr11:65420425-65420654,NM_001300855$FOSL1$chr11$65667997$-%NM_001300856$FOSL1$chr11$65667997$-%NM_001300857$FOSL1$chr11$65667997$-%NM_005438$FOSL1$chr11$65667997$-%NM_001300844$FOSL1$chr11$65667997$-,0.37
chr11:65666492-65667203,NM_001300855$FOSL1$chr11$65667997$-%NM_001300856$FOSL1$chr11$65667997$-%NM_001300857$FOSL1$chr11$65667997$-%NM_005438$FOSL1$chr11$65667997$-%NM_001300844$FOSL1$chr11$65667997$-,0.41
chr11:65678943-65679154,NM_001300855$FOSL1$chr11$65667997$-%NM_001300856$FOSL1$chr11$65667997$-%NM_001300857$FOSL1$chr11$65667997$-%NM_005438$FOSL1$chr11$65667997$-%NM_001300844$FOSL1$chr11$65667997$-,0.39
chr11:65679250-65679576,NM_001300855$FOSL1$chr11$65667997$-%NM_001300856$FOSL1$chr11$65667997$-%NM_001300857$FOSL1$chr11$65667997$-%NM_005438$FOSL1$chr11$65667997$-%NM_001300844$FOSL1$chr11$65667997$-,0.58
chr19:18527231-18527472,NM_001300927$PGPEP1$chr19$18451396$+,0.42
chr19:18527701-18528040,NM_001300927$PGPEP1$chr19$18451396$+,0.4
chr19:18528263-18528792,NM_001300927$PGPEP1$chr19$18451396$+,0.41
chr19:42784527-42784991,NM_001301035$ERF$chr19$42758787$-,0.42
chr12:95034280-95034617,NM_001301036$TMCC3$chr12$95009927$-,0.45
chr19:47363167-47364689,NM_001301081$AP2S1$chr19$47354026$-,0.44
chr20:290672-290826,NM_001301188$TRIB3$chr20$361949$+,0.54
chr20:290672-290826,NM_001301190$TRIB3$chr20$361986$+%NM_001301193$TRIB3$chr20$361986$+,0.54
chr20:290672-290826,NM_001301196$TRIB3$chr20$361938$+%NM_001301201$TRIB3$chr20$361938$+,0.52
chr12:113709766-113709965,NM_001301214$TPCN1$chr12$113682065$+,0.42
chr10:27531769-27532240,NM_001301253$ACBD5$chr10$27531068$-%NM_001301251$ACBD5$chr10$27531068$-%NM_001042473$ACBD5$chr10$27531068$-,0.3
chr5:138620359-138620541,NM_001301738$TMEM173$chr5$138861887$-,0.31
chr5:138897527-138897822,NM_001301738$TMEM173$chr5$138861887$-,0.5
chr12:7034730-7034838,NM_001301834$C12orf57$chr12$7052664$+,0.41
chr12:7034730-7034838,NM_001301836$C12orf57$chr12$7052600$+,0.47
chr19:11642939-11643084,NM_001302453$CCDC151$chr19$11546603$-,0.35
chr11:2951529-2951649,NM_001302862$SLC22A18AS$chr11$2925175$-%NM_007105$SLC22A18AS$chr11$2925175$-,0.45
chr6:31702368-31703528,NM_001320$CSNK2B$chr6$31633656$+%NM_001282385$CSNK2B$chr6$31633656$+,0.3
chr11:65678943-65679154,NM_001335$CTSW$chr11$65647283$+,0.3
chr5:14034644-14034850,NM_001369$DNAH5$chr5$13944589$-,0.51
chr11:118782911-118783378,NM_001382$DPAGT1$chr11$118972785$-,0.31
chr17:1953067-1954207,NM_001383$DPH1$chr17$1933430$+,0.44
chr8:29230784-29230978,NM_001394$DUSP4$chr8$29208267$-,0.31
chr19:42784527-42784991,NM_001410$MEGF8$chr19$42829760$+%NM_001271938$MEGF8$chr19$42829760$+,0.75
chr17:7738822-7740614,NM_001416$EIF4A1$chr17$7476023$+%NM_001204510$EIF4A1$chr17$7476023$+,0.39
chr12:13253893-13254547,NM_001423$EMP1$chr12$13349601$+,0.61
chr16:86421149-86421325,NM_001451$FOXF1$chr16$86544132$+,0.3
chr15:45748469-45749175,NM_001482$GATM$chr15$45670980$-,0.32
chr6:10458287-10458428,NM_001491$GCNT2$chr6$10555948$+,0.39
chr10:6171883-6172155,NM_001494$GDI2$chr10$5855512$-%NM_001115156$GDI2$chr10$5855512$-,0.36
chr7:75795833-75796053,NM_001540$HSPB1$chr7$75931874$+,0.41
chr17:72978355-72978661,NM_001545$ICT1$chr17$73008779$+,0.51
chr3:10240691-10241307,NM_001570$IRAK2$chr3$10206562$+,0.5
chr19:11642939-11643084,NM_001611$ACP5$chr19$11688553$-,0.33
chr19:41771602-41771660,NM_001699$AXL$chr19$41725103$+%NM_021913$AXL$chr19$41725103$+,0.44
chr7:128468302-128468509,NM_001708$OPN1SW$chr7$128415844$-,0.37
chr11:118782911-118783378,NM_001716$CXCR5$chr11$118754474$+,0.32
chr8:21999982-22000221,NM_001722$POLR3D$chr8$22102618$+,0.48
chr12:7034730-7034838,NM_001734$C1S$chr12$7167979$+%NM_201442$C1S$chr12$7167979$+,0.3
chr19:47776748-47776969,NM_001736$C5AR1$chr19$47813103$+,0.54
chr5:133891612-133892163,NM_001745$CAMLG$chr5$134074169$+,0.39
chr16:66906996-66907469,NM_001755$CBFB$chr16$67063049$+%NM_022845$CBFB$chr16$67063049$+,0.35
chr9:35603992-35604628,NM_001782$CD72$chr9$35618424$-,0.39
chr18:25695112-25695346,NM_001792$CDH2$chr18$25757445$-,0.41
chr1:156718467-156719136,NM_001878$CRABP2$chr1$156675459$-,0.57
chr17:80056613-80056910,NM_001893$CSNK1D$chr17$80231594$-%NM_139062$CSNK1D$chr17$80231594$-,0.3
chr12:109232143-109232504,NM_001917$DAO$chr12$109273856$+,0.33
chr17:41827198-41827473,NM_001932$MPP3$chr17$41910547$-,0.49
chr12:7034730-7034838,NM_001940$ATN1$chr12$7037479$+,0.54
chr16:66906996-66907469,NM_001950$E2F4$chr16$67226067$+,0.32
chr6:30720004-30720713,NM_001954$DDR1$chr6$30851860$+,0.41
chr12:7034730-7034838,NM_001975$ENO2$chr12$7023613$+,0.49
chr5:76034658-76035100,NM_001992$F2R$chr5$76011867$+,0.65
chr11:61780516-61780626,NM_002032$FTH1$chr11$61735132$-,0.41
chr11:61792928-61793609,NM_002032$FTH1$chr11$61735132$-,0.5
chr3:50208155-50208394,NM_002070$GNAI2$chr3$50273588$+%NM_001282618$GNAI2$chr3$50273588$+,0.48
chr5:150464543-150466084,NM_002084$GPX3$chr5$150399998$+,0.57
chr19:1172839-1173266,NM_002085$GPX4$chr19$1103924$+%NM_001039847$GPX4$chr19$1103924$+,0.35
chr2:10550434-10550795,NM_002149$HPCAL1$chr2$10443029$+,0.39
chr5:132323487-132323535,NM_002154$HSPA4$chr5$132387661$+,0.33
chr1:161359666-161360218,NM_002155$HSPA6$chr1$161494035$+,0.37
chr9:117657108-117657611,NM_002160$TNC$chr9$117880536$-,0.37
chr10:6171883-6172155,NM_002189$IL15RA$chr10$6019574$-%NM_172200$IL15RA$chr10$6019574$-%NM_001256765$IL15RA$chr10$6019574$-,0.3
chr5:131629178-131629624,NM_002198$IRF1$chr5$131826465$-,0.32
chr5:131832561-131832909,NM_002198$IRF1$chr5$131826465$-,0.41
chr17:48139711-48140314,NM_002204$ITGA3$chr17$48133339$+%NM_005501$ITGA3$chr17$48133339$+,0.32
chr10:33250851-33251304,NM_002211$ITGB1$chr10$33247293$-,0.43
chr12:53229830-53230092,NM_002273$KRT8$chr12$53298868$-,0.32
chr1:182998797-182999044,NM_002293$LAMC1$chr1$182992594$+,0.43
chr11:18404883-18405218,NM_002301$LDHC$chr11$18433852$+%NM_017448$LDHC$chr11$18433852$+,0.39
chr22:38143248-38143734,NM_002305$LGALS1$chr22$38071612$+,0.41
chr5:38660472-38660667,NM_002310$LIFR$chr5$38595507$-,0.35
chr11:8273804-8274153,NM_002315$LMO1$chr11$8285425$-,0.57
chr17:80056613-80056910,NM_002359$MAFG$chr17$79885587$-,0.34
chr7:1572262-1572844,NM_002360$MAFK$chr7$1570367$+,0.46
chr2:20386283-20386578,NM_002381$MATN3$chr2$20212455$-,0.34
chr22:24255997-24256450,NM_002415$MIF$chr22$24236564$+,0.69
chr11:65244638-65245303,NM_002419$MAP3K11$chr11$65381720$-,0.43
chr11:65419981-65420225,NM_002419$MAP3K11$chr11$65381720$-,0.51
chr11:65420425-65420654,NM_002419$MAP3K11$chr11$65381720$-,0.52
chr22:36727482-36728450,NM_002473$MYH9$chr22$36784112$-,0.7
chr19:13262107-13262928,NM_002501$NFIX$chr19$13106583$+,0.48
chr19:13278382-13278991,NM_002501$NFIX$chr19$13106583$+,0.42
chr19:47363167-47364689,NM_002517$NPAS1$chr19$47524142$+,0.3
chr20:61076779-61077313,NM_002531$NTSR1$chr20$61340188$+,0.43
chr15:65245420-65245827,NM_002537$OAZ2$chr15$64995480$-%NM_001301302$OAZ2$chr15$64995480$-,0.32
chr2:10550434-10550795,NM_002539$ODC1$chr2$10588680$-%NM_001287188$ODC1$chr2$10588680$-,0.58
chr8:119960672-119960883,NM_002546$TNFRSF11B$chr8$119964383$-,0.55
chr11:2951529-2951649,NM_002555$SLC22A18$chr11$2923511$+,0.37
chr19:42784527-42784991,NM_002573$PAFAH1B3$chr19$42806796$-,0.39
chr17:48139711-48140314,NM_002611$PDK2$chr17$48172638$+%NM_001199900$PDK2$chr17$48172638$+,0.59
chr6:37104908-37105418,NM_002648$PIM1$chr6$37137921$+%NM_001243186$PIM1$chr6$37137921$+,0.75
chr11:65042835-65043130,NM_002689$POLA2$chr11$65029431$+,0.32
chr1:28189568-28190269,NM_002713$PPP1R8$chr1$28157324$+%NM_138558$PPP1R8$chr1$28157324$+,0.53
chr6:30716597-30717062,NM_002714$PPP1R10$chr6$30585084$-,0.33
chr19:11642939-11643084,NM_002743$PRKCSH$chr19$11546465$+,0.59
chr17:21179100-21179414,NM_002756$MAP2K3$chr17$21191347$+,0.49
chr16:89555521-89555997,NM_002768$CHMP1A$chr16$89724193$-%NM_001083314$CHMP1A$chr16$89724193$-,0.36
chr10:124254349-124254758,NM_002775$HTRA1$chr10$124221040$+,0.6
chr20:61371540-61371927,NM_002792$PSMA7$chr20$60718514$-,0.35
chr16:68271348-68271876,NM_002801$PSMB10$chr16$67970780$-,0.32
chr20:49100027-49100544,NM_002827$PTPN1$chr20$49126857$+%NM_001278618$PTPN1$chr20$49126857$+,0.42
chr12:7034730-7034838,NM_002831$PTPN6$chr12$7060433$+%NM_080549$PTPN6$chr12$7060433$+,0.57
chr1:153936554-153936861,NM_002870$RAB13$chr1$153958853$-,0.32
chr22:41809427-41810696,NM_002883$RANGAP1$chr22$41682255$-,0.3
chr6:31702368-31703528,NM_002904$NELFE$chr6$31926864$-,0.38
chr17:80056613-80056910,NM_002917$RFNG$chr17$80009650$-,0.52
chr1:28189568-28190269,NM_002946$RPA2$chr1$28241308$-%NM_001286076$RPA2$chr1$28241308$-%NM_001297558$RPA2$chr1$28241308$-,0.63
chr1:27024638-27025138,NM_002953$RPS6KA1$chr1$26856248$+,0.32
chr12:122908043-122908483,NM_002956$CLIP1$chr12$122907116$-%NM_001247997$CLIP1$chr12$122907116$-%NM_198240$CLIP1$chr12$122907116$-,0.57
chr7:75465283-75465439,NM_002991$CCL24$chr7$75443033$-,0.33
chr2:20385260-20385778,NM_002997$SDC1$chr2$20424927$-,0.3
chr2:20386283-20386578,NM_002997$SDC1$chr2$20424927$-,0.42
chr1:161359666-161360218,NM_003001$SDHC$chr1$161284165$+%NM_001278172$SDHC$chr1$161284165$+%NM_001035511$SDHC$chr1$161284165$+%NM_001035513$SDHC$chr1$161284165$+%NM_001035512$SDHC$chr1$161284165$+,0.34
chr5:131601385-131601782,NM_003059$SLC22A4$chr5$131630144$+,0.31
chr5:131629178-131629624,NM_003060$SLC22A5$chr5$131705400$+,0.43
chr5:131832561-131832909,NM_003060$SLC22A5$chr5$131705400$+,0.36
chr22:24255997-24256450,NM_003073$SMARCB1$chr22$24129149$+%NM_001007468$SMARCB1$chr22$24129149$+,0.44
chr8:23618921-23619563,NM_003155$STC1$chr8$23712320$-,0.31
chr22:41809427-41810696,NM_003216$TEF$chr22$41777932$+,0.59
chr6:10458287-10458428,NM_003220$TFAP2A$chr6$10415470$-,0.39
chr11:77751153-77751354,NM_003251$THRSP$chr11$77774906$+,0.43
chr17:76929562-76929807,NM_003255$TIMP2$chr17$76921472$-,0.57
chr17:76930060-76930674,NM_003255$TIMP2$chr17$76921472$-,0.43
chr17:76348964-76349371,NM_003258$TK1$chr17$76183285$-,0.32
chr9:35603992-35604628,NM_003289$TPM2$chr9$35690053$-%NM_213674$TPM2$chr9$35690053$-%NM_001301226$TPM2$chr9$35690053$-%NM_001301227$TPM2$chr9$35690053$-,0.51
chr19:16188924-16190024,NM_003290$TPM4$chr19$16187134$+,0.38
chr19:18527231-18527472,NM_003333$UBA52$chr19$18682613$+%NM_001033930$UBA52$chr19$18682613$+,0.37
chr19:18527701-18528040,NM_003333$UBA52$chr19$18682613$+%NM_001033930$UBA52$chr19$18682613$+,0.37
chr19:18528263-18528792,NM_003333$UBA52$chr19$18682613$+%NM_001033930$UBA52$chr19$18682613$+,0.32
chr5:133891612-133892163,NM_003337$UBE2B$chr5$133706866$+,0.3
chr5:138838499-138838633,NM_003339$UBE2D2$chr5$138940750$+%NM_181838$UBE2D2$chr5$138940750$+,0.44
chr5:138897527-138897822,NM_003339$UBE2D2$chr5$138940750$+%NM_181838$UBE2D2$chr5$138940750$+,0.61
chr9:114720285-114720825,NM_003358$UGCG$chr9$114659205$+,0.33
chr19:35809679-35810380,NM_003367$USF2$chr19$35759895$+%NM_207291$USF2$chr19$35759895$+,0.74
chr3:55178043-55178603,NM_003392$WNT5A$chr3$55521670$-,0.46
chr6:28072476-28072872,NM_003447$ZNF165$chr6$28048481$+,0.6
chr16:3156518-3156937,NM_003450$ZNF174$chr16$3451189$+%NM_001032292$ZNF174$chr16$3451189$+,0.3
chr1:37942874-37943354,NM_003462$DNALI1$chr1$38022519$+,0.45
chr11:35188303-35189153,NM_003477$PDHX$chr11$34937676$+%NM_001135024$PDHX$chr11$34937676$+%NM_001166158$PDHX$chr11$34937676$+,0.37
chr12:66048868-66049228,NM_003483$HMGA2$chr12$66218239$+%NM_001300918$HMGA2$chr12$66218239$+%NM_003484$HMGA2$chr12$66218239$+%NM_001300919$HMGA2$chr12$66218239$+,0.43
chr12:66135126-66135637,NM_003483$HMGA2$chr12$66218239$+%NM_001300918$HMGA2$chr12$66218239$+%NM_003484$HMGA2$chr12$66218239$+%NM_001300919$HMGA2$chr12$66218239$+,0.32
chr6:27745023-27745278,NM_003509$HIST1H2AI$chr6$27775976$+,0.38
chr6:27745023-27745278,NM_003510$HIST1H2AK$chr6$27806117$-,0.41
chr6:28072476-28072872,NM_003510$HIST1H2AK$chr6$27806117$-,0.33
chr6:28072476-28072872,NM_003511$HIST1H2AL$chr6$27833106$+,0.4
chr6:25992254-25993073,NM_003512$HIST1H2AC$chr6$26124372$+,0.47
chr6:25992254-25993073,NM_003513$HIST1H2AB$chr6$26033796$-,0.56
chr6:26126352-26126787,NM_003513$HIST1H2AB$chr6$26033796$-,0.58
chr6:25992254-25993073,NM_003518$HIST1H2BG$chr6$26216872$-,0.33
chr6:26126352-26126787,NM_003518$HIST1H2BG$chr6$26216872$-,0.75
chr6:27745023-27745278,NM_003519$HIST1H2BL$chr6$27775709$-,0.42
chr6:28072476-28072872,NM_003519$HIST1H2BL$chr6$27775709$-,0.36
chr6:28072476-28072872,NM_003520$HIST1H2BN$chr6$27806439$+,0.5
chr6:26126352-26126787,NM_003522$HIST1H2BF$chr6$26199786$+,0.57
chr6:25992254-25993073,NM_003523$HIST1H2BE$chr6$26184023$+,0.32
chr6:26126352-26126787,NM_003523$HIST1H2BE$chr6$26184023$+,0.3
chr6:25992254-25993073,NM_003524$HIST1H2BH$chr6$26251878$+,0.43
chr6:25992254-25993073,NM_003525$HIST1H2BI$chr6$26273203$+,0.46
chr6:25992254-25993073,NM_003526$HIST1H2BC$chr6$26124132$-,0.44
chr6:25992254-25993073,NM_003529$HIST1H3A$chr6$26020717$+,0.72
chr6:26126352-26126787,NM_003529$HIST1H3A$chr6$26020717$+,0.38
chr6:26126352-26126787,NM_003530$HIST1H3D$chr6$26199521$-%NM_021065$HIST1H2AD$chr6$26199521$-,0.54
chr6:25992254-25993073,NM_003531$HIST1H3C$chr6$26045638$+,0.67
chr6:26126352-26126787,NM_003531$HIST1H3C$chr6$26045638$+,0.57
chr6:28072476-28072872,NM_003533$HIST1H3I$chr6$27840099$-,0.38
chr6:25992254-25993073,NM_003534$HIST1H3G$chr6$26271612$-,0.47
chr6:28072476-28072872,NM_003535$HIST1H3J$chr6$27858570$-,0.32
chr6:27745023-27745278,NM_003536$HIST1H3H$chr6$27777841$+,0.39
chr6:25992254-25993073,NM_003537$HIST1H3B$chr6$26032288$-,0.64
chr6:26126352-26126787,NM_003537$HIST1H3B$chr6$26032288$-,0.61
chr6:25992254-25993073,NM_003538$HIST1H4A$chr6$26021906$+,0.63
chr6:26126352-26126787,NM_003538$HIST1H4A$chr6$26021906$+,0.43
chr6:26126352-26126787,NM_003539$HIST1H4D$chr6$26189304$-,0.46
chr6:25992254-25993073,NM_003540$HIST1H4F$chr6$26240653$+,0.32
chr6:27745023-27745278,NM_003541$HIST1H4K$chr6$27799305$-,0.31
chr6:25992254-25993073,NM_003542$HIST1H4C$chr6$26104175$+,0.45
chr6:25992254-25993073,NM_003543$HIST1H4H$chr6$26285727$-,0.52
chr6:25992254-25993073,NM_003544$HIST1H4B$chr6$26027480$-,0.58
chr6:26126352-26126787,NM_003544$HIST1H4B$chr6$26027480$-,0.55
chr6:25992254-25993073,NM_003545$HIST1H4E$chr6$26204872$+,0.32
chr6:27745023-27745278,NM_003546$HIST1H4L$chr6$27841289$-,0.32
chr6:28072476-28072872,NM_003546$HIST1H4L$chr6$27841289$-,0.41
chr1:159859603-159860031,NM_003564$TAGLN2$chr1$159895332$-,0.47
chr1:94158601-94159338,NM_003567$BCAR3$chr1$94147394$-,0.3
chr18:9914998-9915501,NM_003574$VAPA$chr18$9913954$+%NM_194434$VAPA$chr18$9913954$+,0.35
chr17:77778056-77778248,NM_003655$CBX4$chr17$77813213$-,0.44
chr22:36727482-36728450,NM_003661$APOL1$chr22$36649116$+%NM_001136541$APOL1$chr22$36649116$+%NM_001136540$APOL1$chr22$36649116$+%NM_145343$APOL1$chr22$36649116$+,0.42
chr3:5028534-5029013,NM_003670$BHLHE40$chr3$5021096$+,0.46
chr3:5067974-5068590,NM_003670$BHLHE40$chr3$5021096$+,0.62
chr22:36727482-36728450,NM_003753$EIF3D$chr22$36925277$-,0.43
chr16:66960903-66961306,NM_003789$TRADD$chr16$67193812$-,0.41
chr11:66494780-66495327,NM_003793$CTSF$chr11$66336047$-,0.39
chr14:101159258-101159870,NM_003836$DLK1$chr14$101193201$+,0.36
chr16:66906996-66907469,NM_003869$CES2$chr16$66968346$+%NM_198061$CES2$chr16$66968346$+,0.59
chr16:66960903-66961306,NM_003869$CES2$chr16$66968346$+%NM_198061$CES2$chr16$66968346$+,0.35
chr17:21179100-21179414,NM_003876$TMEM11$chr17$21117908$-,0.4
chr6:30736850-30737361,NM_003897$IER3$chr6$30712327$-,0.46
chr19:2165096-2165788,NM_003938$AP3D1$chr19$2151556$-%NM_001261826$AP3D1$chr19$2151556$-,0.3
chr17:76348964-76349371,NM_003955$SOCS3$chr17$76356160$-,0.45
chr11:1357863-1358286,NM_003957$BRSK2$chr11$1411128$+%NM_001256627$BRSK2$chr11$1411128$+%NM_001256629$BRSK2$chr11$1411128$+,0.53
chr9:35603992-35604628,NM_003995$NPR2$chr9$35792405$+,0.48
chr17:41827198-41827473,NM_004090$DUSP3$chr17$41856368$-,0.34
chr17:80056613-80056910,NM_004104$FASN$chr17$80056106$-,0.45
chr11:61523945-61524112,NM_004111$FEN1$chr11$61560108$+,0.41
chr17:80056613-80056910,NM_004127$GPS1$chr17$80009762$+%NM_212492$GPS1$chr17$80009762$+,0.4
chr19:2165096-2165788,NM_004152$OAZ1$chr19$2269484$+%NM_001301020$OAZ1$chr19$2269484$+,0.57
chr17:42173326-42173627,NM_004160$PYY$chr17$42081837$-,0.36
chr16:66906996-66907469,NM_004165$RRAD$chr16$66959439$-%NM_001128850$RRAD$chr16$66959439$-,0.35
chr17:17743258-17743857,NM_004176$SREBF1$chr17$17740325$-%NM_001005291$SREBF1$chr17$17740325$-,0.44
chr3:50208155-50208394,NM_004186$SEMA3F$chr3$50192847$+,0.59
chr5:131601385-131601782,NM_004199$P4HA2$chr5$131562935$-%NM_001017973$P4HA2$chr5$131562935$-,0.45
chr5:131629178-131629624,NM_004199$P4HA2$chr5$131562935$-%NM_001017973$P4HA2$chr5$131562935$-,0.43
chr16:3156518-3156937,NM_004203$PKMYT1$chr16$3030540$-%NM_001258451$PKMYT1$chr16$3030540$-%NM_182687$PKMYT1$chr16$3030540$-%NM_001258450$PKMYT1$chr16$3030540$-,0.39
chr11:65419981-65420225,NM_004214$FIBP$chr11$65656010$-%NM_198897$FIBP$chr11$65656010$-,0.44
chr11:65420425-65420654,NM_004214$FIBP$chr11$65656010$-%NM_198897$FIBP$chr11$65656010$-,0.3
chr11:65678943-65679154,NM_004214$FIBP$chr11$65656010$-%NM_198897$FIBP$chr11$65656010$-,0.47
chr11:65679250-65679576,NM_004214$FIBP$chr11$65656010$-%NM_198897$FIBP$chr11$65656010$-,0.45
chr16:3156518-3156937,NM_004220$ZNF213$chr16$3185056$+,0.59
chr6:14211061-14211714,NM_004233$CD83$chr6$14117864$+%NM_001040280$CD83$chr6$14117864$+,0.38
chr5:784651-785023,NM_004237$TRIP13$chr5$892968$+%NM_001166260$TRIP13$chr5$892968$+,0.59
chr2:219270976-219271406,NM_004328$BCS1L$chr2$219524378$+%NM_001257343$BCS1L$chr2$219524378$+%NM_001079866$BCS1L$chr2$219524378$+%NM_001257342$BCS1L$chr2$219524378$+%NM_001257344$BCS1L$chr2$219524378$+,0.3
chr19:13262107-13262928,NM_004343$CALR$chr19$13049413$+,0.54
chr19:1172839-1173266,NM_004368$CNN2$chr19$1026297$+%NM_201277$CNN2$chr19$1026297$+,0.52
chr1:85049005-85049203,NM_004388$CTBS$chr1$85040163$-,0.3
chr1:3817648-3818071,NM_004402$DFFB$chr1$3773830$+%NM_001282669$DFFB$chr1$3773830$+,0.43
chr5:172198749-172199959,NM_004417$DUSP1$chr5$172198203$-,0.6
chr19:13262107-13262928,NM_004461$FARSA$chr19$13044558$-,0.35
chr19:47363167-47364689,NM_004491$ARHGAP35$chr19$47421932$+,0.66
chr1:156629760-156630406,NM_004494$HDGF$chr1$156721543$-,0.33
chr10:94351391-94351691,NM_004523$KIF11$chr10$94352824$+,0.35
chr12:76338350-76338647,NM_004537$NAP1L1$chr12$76478738$-%NM_139207$NAP1L1$chr12$76478738$-,0.36
chr1:161359666-161360218,NM_004550$NDUFS2$chr1$161169104$+,0.57
chr10:6245814-6246792,NM_004566$PFKFB3$chr10$6244839$+,0.43
chr21:44395922-44396228,NM_004571$PKNOX1$chr21$44394619$+%NM_001286258$PKNOX1$chr21$44394619$+,0.34
chr3:128475272-128475670,NM_004637$RAB7A$chr3$128444978$+,0.54
chr17:72978355-72978661,NM_004695$SLC16A5$chr17$73084035$+,0.34
chr20:57198784-57199334,NM_004738$VAPB$chr20$56964174$+%NM_001195677$VAPB$chr20$56964174$+,0.56
chr2:9374844-9375591,NM_004763$ITGB1BP1$chr2$9563643$-%NM_022334$ITGB1BP1$chr2$9563643$-,0.32
chr20:48391675-48392320,NM_004776$B4GALT5$chr20$48330421$-,0.39
chr2:128598749-128599093,NM_004805$POLR2D$chr2$128615729$-,0.36
chr19:18527231-18527472,NM_004864$GDF15$chr19$18496967$+,0.69
chr19:18527701-18528040,NM_004864$GDF15$chr19$18496967$+,0.61
chr19:18528263-18528792,NM_004864$GDF15$chr19$18496967$+,0.69
chr19:13262107-13262928,NM_004907$IER2$chr19$13261281$+,0.59
chr19:13273540-13274187,NM_004907$IER2$chr19$13261281$+,0.45
chr19:13278382-13278991,NM_004907$IER2$chr19$13261281$+,0.57
chr19:39184148-39184440,NM_004924$ACTN4$chr19$39138266$+,0.86
chr6:44031882-44032664,NM_004955$SLC29A1$chr6$44187241$+%NM_001078174$SLC29A1$chr6$44187241$+,0.54
chr10:94351391-94351691,NM_004969$IDE$chr10$94333852$-,0.46
chr14:23293879-23294567,NM_004995$MMP14$chr14$23305741$+,0.3
chr8:125466570-125466668,NM_005005$NDUFB9$chr8$125551342$+%NM_001278646$NDUFB9$chr8$125551342$+%NM_001278645$NDUFB9$chr8$125551342$+,0.52
chr14:23293879-23294567,NM_005015$OXA1L$chr14$23235730$+,0.63
chr3:196064212-196064579,NM_005017$PCYT1A$chr3$196014584$-,0.63
chr22:46480881-46481264,NM_005036$PPARA$chr22$46546498$+%NM_001001928$PPARA$chr22$46546498$+,0.31
chr17:80056613-80056910,NM_005052$RAC3$chr17$79989531$+,0.53
chr1:161359666-161360218,NM_005099$ADAMTS4$chr1$161168845$-,0.37
chr1:956563-956812,NM_005101$ISG15$chr1$948846$+,0.5
chr9:117657108-117657611,NM_005118$TNFSF15$chr9$117568408$-,0.5
chrX:70401853-70402134,NM_005120$MED12$chrX$70338405$+,0.37
chr11:66494780-66495327,NM_005125$CCS$chr11$66360689$+,0.32
chr11:65666492-65667203,NM_005146$SART1$chr11$65729159$+,0.32
chr11:65782974-65783337,NM_005146$SART1$chr11$65729159$+,0.31
chr12:54072437-54072838,NM_005176$ATP5G2$chr12$54070109$-,0.3
chr7:55132578-55133258,NM_005228$EGFR$chr7$55086724$+%NM_201284$EGFR$chr7$55086724$+%NM_201283$EGFR$chr7$55086724$+%NM_201282$EGFR$chr7$55086724$+,0.34
chr11:128367325-128367539,NM_005238$ETS1$chr11$128392205$-%NM_001162422$ETS1$chr11$128392205$-,0.3
chr14:29243702-29244197,NM_005249$FOXG1$chr14$29236277$+,0.34
chr16:86698644-86698785,NM_005250$FOXL1$chr16$86612114$+,0.38
chr2:28519223-28519459,NM_005253$FOSL2$chr2$28615778$+,0.32
chr2:121624920-121625080,NM_005270$GLI2$chr2$121554866$+,0.37
chr1:85049005-85049203,NM_005274$GNG5$chr1$84972262$-,0.47
chr22:41047729-41047883,NM_005297$MCHR1$chr22$41075181$+,0.46
chr1:200857233-200857815,NM_005298$GPR25$chr1$200842082$+,0.47
chr19:35809679-35810380,NM_005304$FFAR3$chr19$35849487$+,0.46
chr22:38143248-38143734,NM_005318$H1F0$chr22$38201113$+,0.43
chr6:25992254-25993073,NM_005319$HIST1H1C$chr6$26056699$-,0.56
chr6:26126352-26126787,NM_005319$HIST1H1C$chr6$26056699$-,0.54
chr6:25992254-25993073,NM_005321$HIST1H1E$chr6$26156558$+,0.42
chr6:26126352-26126787,NM_005321$HIST1H1E$chr6$26156558$+,0.49
chr6:27745023-27745278,NM_005322$HIST1H1B$chr6$27835359$-,0.3
chr6:28072476-28072872,NM_005322$HIST1H1B$chr6$27835359$-,0.39
chr6:25992254-25993073,NM_005325$HIST1H1A$chr6$26018040$-,0.58
chr6:31702368-31703528,NM_005346$HSPA1B$chr6$31795511$+,0.34
chr19:18527231-18527472,NM_005354$JUND$chr19$18392466$-%NM_001286968$JUND$chr19$18392466$-,0.33
chr19:18528263-18528792,NM_005354$JUND$chr19$18392466$-%NM_001286968$JUND$chr19$18392466$-,0.35
chr19:16188924-16190024,NM_005370$RAB8A$chr19$16222489$+,0.38
chr4:177841897-177842103,NM_005429$VEGFC$chr4$177713899$-,0.33
chr17:42173326-42173627,NM_005474$HDAC5$chr17$42201014$-%NM_001015053$HDAC5$chr17$42201014$-,0.62
chr17:42276572-42276897,NM_005474$HDAC5$chr17$42201014$-%NM_001015053$HDAC5$chr17$42201014$-,0.38
chr19:4456385-4456784,NM_005483$CHAF1A$chr19$4402659$+,0.77
chr19:34850085-34850642,NM_005499$UBA2$chr19$34919267$+,0.59
chr19:47776748-47776969,NM_005500$SAE1$chr19$47634079$+%NM_001145713$SAE1$chr19$47634079$+%NM_001145714$SAE1$chr19$47634079$+,0.34
chr11:65419981-65420225,NM_005507$CFL1$chr11$65625804$-,0.32
chr11:65666492-65667203,NM_005507$CFL1$chr11$65625804$-,0.5
chr11:65679250-65679576,NM_005507$CFL1$chr11$65625804$-,0.36
chr6:31702368-31703528,NM_005510$DXO$chr6$31940032$-,0.31
chr2:227656309-227656561,NM_005544$IRS1$chr2$227663506$-,0.39
chr12:52540964-52541526,NM_005556$KRT7$chr12$52626953$+,0.3
chr20:61076779-61077313,NM_005560$LAMA5$chr20$60942368$-,0.41
chr17:35292129-35292558,NM_005568$LHX1$chr17$35294771$+,0.32
chr19:13262107-13262928,NM_005583$LYL1$chr19$13213974$-,0.56
chr19:13273540-13274187,NM_005583$LYL1$chr19$13213974$-,0.56
chr19:13278382-13278991,NM_005583$LYL1$chr19$13213974$-,0.55
chr8:142047873-142048201,NM_005607$PTK2$chr8$142011412$-%NM_001199649$PTK2$chr8$142011412$-%NM_153831$PTK2$chr8$142011412$-,0.3
chr19:47363167-47364689,NM_005628$SLC1A5$chr19$47291842$-,0.46
chr1:234748100-234748931,NM_005646$TARBP1$chr1$234614849$-,0.33
chr5:178259703-178260206,NM_005649$ZNF354A$chr5$178157703$-,0.44
chr16:57717053-57717380,NM_005682$GPR56$chr16$57653909$+%NM_001145770$GPR56$chr16$57653909$+,0.32
chr15:75018665-75019349,NM_005697$SCAMP2$chr15$75165670$-,0.31
chr10:81091409-81091966,NM_005729$PPIF$chr10$81107219$+,0.3
chr5:131832561-131832909,NM_005732$RAD50$chr5$131892615$+,0.67
chr12:7034730-7034838,NM_005768$LPCAT3$chr12$7125842$-,0.44
chr6:30720004-30720713,NM_005803$FLOT1$chr6$30710453$-,0.38
chr6:30736850-30737361,NM_005803$FLOT1$chr6$30710453$-,0.58
chr2:37605671-37605839,NM_005813$PRKD3$chr2$37544222$-,0.41
chr2:37789550-37789826,NM_005813$PRKD3$chr2$37544222$-,0.38
chr6:25992254-25993073,NM_005835$SLC17A2$chr6$25930954$-,0.41
chr17:7737438-7738736,NM_005852$CHD3$chr17$7792168$+%NM_001005273$CHD3$chr17$7792168$+,0.66
chr17:7738822-7740614,NM_005852$CHD3$chr17$7792168$+%NM_001005273$CHD3$chr17$7792168$+,0.64
chr17:7746991-7747556,NM_005852$CHD3$chr17$7792168$+%NM_001005273$CHD3$chr17$7792168$+,0.55
chr21:39618516-39618880,NM_005867$DSCR4$chr21$39493454$-,0.4
chr21:39627542-39628109,NM_005867$DSCR4$chr21$39493454$-,0.33
chr21:39723755-39724311,NM_005867$DSCR4$chr21$39493454$-,0.58
chr16:57717053-57717380,NM_005886$KATNB1$chr16$57769659$+,0.43
chr17:43305165-43306978,NM_005892$FMNL1$chr17$43299291$+,0.31
chr15:67399103-67399775,NM_005902$SMAD3$chr15$67358194$+,0.35
chr6:31702368-31703528,NM_005931$MICB$chr6$31465826$+%NM_001289161$MICB$chr6$31465826$+,0.3
chr13:24289001-24289462,NM_005932$MIPEP$chr13$24463587$-,0.33
chr11:2951529-2951649,NM_005969$NAP1L4$chr11$3013607$-,0.6
chr1:156718467-156719136,NM_005973$PRCC$chr1$156737273$+,0.38
chr5:171602273-171602685,NM_005990$STK10$chr5$171615346$-,0.3
chr20:48391675-48392320,NM_006038$SPATA2$chr20$48532080$-,0.38
chr17:13460367-13460669,NM_006042$HS3ST3A1$chr17$13505244$-,0.44
chr20:50247670-50248383,NM_006045$ATP9A$chr20$50384908$-,0.39
chr4:38859134-38859762,NM_006068$TLR6$chr4$38858438$-,0.33
chr7:75465283-75465439,NM_006072$CCL26$chr7$75419064$-,0.51
chr16:30645556-30645885,NM_006110$CD2BP2$chr16$30366682$-,0.48
chr1:27191386-27191927,NM_006142$SFN$chr1$27189632$+,0.66
chr8:23618921-23619563,NM_006167$NKX3-1$chr8$23540450$-,0.44
chr8:23710742-23711028,NM_006167$NKX3-1$chr8$23540450$-,0.3
chr7:101929978-101930313,NM_006234$POLR2J$chr7$102119381$-,0.43
chr11:65244638-65245303,NM_006268$DPF2$chr11$65101224$+,0.59
chr11:65261229-65261625,NM_006268$DPF2$chr11$65101224$+,0.32
chr9:35603992-35604628,NM_006285$TESK1$chr9$35605280$+,0.37
chr6:31702368-31703528,NM_006295$VARS$chr6$31763712$-,0.42
chr17:45609469-45609601,NM_006310$NPEPPS$chr17$45608443$+,0.3
chr16:75278988-75279894,NM_006324$CFDP1$chr16$75467387$-,0.32
chr12:7034730-7034838,NM_006331$EMG1$chr12$7079943$+,0.44
chr6:25992254-25993073,NM_006355$TRIM38$chr6$25962916$+,0.34
chr17:72978355-72978661,NM_006356$ATP5H$chr17$73043074$-%NM_001003785$ATP5H$chr17$73043074$-,0.47
chr9:35603992-35604628,NM_006368$CREB3$chr9$35732316$+,0.32
chr11:65244638-65245303,NM_006396$SSSCA1$chr11$65337942$+,0.55
chr11:65261229-65261625,NM_006396$SSSCA1$chr11$65337942$+,0.45
chr11:65419981-65420225,NM_006396$SSSCA1$chr11$65337942$+,0.62
chr11:65420425-65420654,NM_006396$SSSCA1$chr11$65337942$+,0.65
chr1:78957462-78957762,NM_006417$IFI44$chr1$79115476$+,0.3
chr22:19874514-19874924,NM_006440$TXNRD2$chr22$19929515$-%NM_001282512$TXNRD2$chr22$19929515$-,0.63
chr11:65419981-65420225,NM_006442$DRAP1$chr11$65686727$+,0.71
chr11:65420425-65420654,NM_006442$DRAP1$chr11$65686727$+,0.42
chr11:65666492-65667203,NM_006442$DRAP1$chr11$65686727$+,0.6
chr11:65782974-65783337,NM_006442$DRAP1$chr11$65686727$+,0.39
chr21:30374865-30375265,NM_006447$USP16$chr21$30396937$+%NM_001032410$USP16$chr21$30396937$+%NM_001001992$USP16$chr21$30396937$+,0.45
chr17:43249989-43250354,NM_006460$HEXIM1$chr17$43224683$+,0.36
chr17:43305165-43306978,NM_006460$HEXIM1$chr17$43224683$+,0.52
chr1:185344563-185345243,NM_006469$IVNS1ABP$chr1$185286461$-,0.58
chr19:42784527-42784991,NM_006494$ERF$chr19$42759316$-,0.44
chr17:1953067-1954207,NM_006497$HIC1$chr17$1958392$+,0.48
chr1:43406108-43407009,NM_006516$SLC2A1$chr1$43424847$-,0.39
chr7:23501559-23501943,NM_006547$IGF2BP3$chr7$23509995$-,0.45
chr7:23510676-23511223,NM_006547$IGF2BP3$chr7$23509995$-,0.42
chr21:30374865-30375265,NM_006585$CCT8$chr21$30446118$-%NM_001282909$CCT8$chr21$30446118$-%NM_001282908$CCT8$chr21$30446118$-%NM_001282907$CCT8$chr21$30446118$-,0.55
chr11:74465903-74466299,NM_006591$POLD3$chr11$74303574$+,0.3
chr1:27191386-27191927,NM_006600$NUDC$chr1$27248212$+,0.47
chr1:156629760-156630406,NM_006617$NES$chr1$156647189$-,0.35
chr16:30645556-30645885,NM_006662$SRCAP$chr16$30710461$+,0.55
chr1:153936554-153936861,NM_006694$JTB$chr1$153950451$-,0.3
chr17:42276572-42276897,NM_006695$RUNDC3A$chr17$42385926$+%NM_001144826$RUNDC3A$chr17$42385926$+%NM_001144825$RUNDC3A$chr17$42385926$+,0.33
chr6:31702368-31703528,NM_006709$EHMT2$chr6$31865484$-%NM_025256$EHMT2$chr6$31865484$-,0.37
chr6:143206296-143206927,NM_006734$HIVEP2$chr6$143266338$-,0.41
chr11:65244638-65245303,NM_006747$SIPA1$chr11$65405577$+,0.39
chr11:65419981-65420225,NM_006747$SIPA1$chr11$65405577$+,0.49
chr11:65420425-65420654,NM_006747$SIPA1$chr11$65405577$+,0.32
chr11:118782911-118783378,NM_006760$UPK2$chr11$118827007$+,0.53
chr12:111847615-111848064,NM_006768$BRAP$chr12$112123800$-,0.32
chr11:65042835-65043130,NM_006779$CDC42EP2$chr11$65082288$+,0.34
chr11:65244638-65245303,NM_006779$CDC42EP2$chr11$65082288$+,0.43
chr3:50208155-50208394,NM_006841$SLC38A3$chr3$50242678$+,0.39
chr11:65782974-65783337,NM_006842$SF3B2$chr11$65819815$+,0.34
chr11:65666492-65667203,NM_006848$CCDC85B$chr11$65657874$+,0.42
chr12:54072437-54072838,NM_006856$ATF7$chr12$54020199$-%NM_001206682$ATF7$chr12$54020199$-%NM_001130060$ATF7$chr12$54020199$-,0.33
chr18:9914998-9915501,NM_006868$RAB31$chr18$9708227$+,0.32
chr16:73102955-73103191,NM_006885$ZFHX3$chr16$73082274$-,0.55
chr6:31702368-31703528,NM_006929$SKIV2L$chr6$31926580$+,0.45
chr12:8123169-8123746,NM_006931$SLC2A3$chr12$8088892$-,0.78
chr20:290672-290826,NM_006943$SOX12$chr20$306214$+,0.41
chr10:44185624-44185942,NM_006973$ZNF32$chr10$44144326$-,0.71
chr12:7034730-7034838,NM_006992$LRRC23$chr12$7013896$+%NM_001135217$LRRC23$chr12$7013896$+%NM_201650$LRRC23$chr12$7013896$+,0.35
chr16:69790577-69791500,NM_007014$WWP2$chr16$69796186$+%NM_001270455$WWP2$chr16$69796186$+%NM_001270454$WWP2$chr16$69796186$+,0.37
chr3:50208155-50208394,NM_007022$CYB561D2$chr3$50388125$+%NM_001291284$CYB561D2$chr3$50388125$+,0.36
chr5:672861-673336,NM_007030$TPPP$chr5$693510$-,0.65
chr1:78557346-78557710,NM_007034$DNAJB4$chr1$78470635$+,0.44
chr19:41771602-41771660,NM_007040$HNRNPUL1$chr19$41770226$+,0.48
chr12:108054058-108054330,NM_007062$PWP1$chr12$108079589$+,0.46
chr14:55569733-55570176,NM_007086$WDHD1$chr14$55493819$-%NM_001008396$WDHD1$chr14$55493819$-,0.36
chr5:14036813-14036909,NM_007118$TRIO$chr5$14143828$+,0.39
chr5:14142803-14143164,NM_007118$TRIO$chr5$14143828$+,0.3
chr1:161359666-161360218,NM_007122$USF1$chr1$161015769$-%NM_207005$USF1$chr1$161015769$-,0.35
chr19:2165096-2165788,NM_007165$SF3A2$chr19$2236815$+,0.33
chr1:221887766-221888016,NM_007207$DUSP10$chr1$221915518$-,0.35
chr1:185109809-185110137,NM_007212$RNF2$chr1$185014550$+,0.4
chr22:43333511-43333722,NM_007229$PACSIN2$chr22$43343047$-,0.36
chr6:30716597-30717062,NM_007243$NRM$chr6$30659197$-,0.35
chr6:30736850-30737361,NM_007243$NRM$chr6$30659197$-,0.44
chr5:373695-374160,NM_007277$EXOC3$chr5$443333$+,0.41
chr5:399875-400445,NM_007277$EXOC3$chr5$443333$+,0.46
chr5:672861-673336,NM_007277$EXOC3$chr5$443333$+,0.3
chr22:19874514-19874924,NM_007310$COMT$chr22$19950069$+,0.32
chr20:61371540-61371927,NM_007346$OGFR$chr20$61436176$+,0.3
chr12:76338350-76338647,NM_007350$PHLDA1$chr12$76425556$-,0.55
chr7:2903227-2903785,NM_007353$GNA12$chr7$2883959$-%NM_001293092$GNA12$chr7$2883959$-,0.45
chr11:64140304-64140795,NM_012094$PRDX5$chr11$64085559$+%NM_181652$PRDX5$chr11$64085559$+%NM_181651$PRDX5$chr11$64085559$+,0.4
chr20:30262675-30263005,NM_012112$TPX2$chr20$30326903$+,0.4
chr17:35292129-35292558,NM_012138$AATF$chr17$35306174$+,0.51
chr11:34676467-34676782,NM_012153$EHF$chr11$34642587$+%NM_001206615$EHF$chr11$34642587$+,0.6
chr3:50208155-50208394,NM_012191$NAT6$chr3$50336852$-%NM_001200016$NAT6$chr3$50336852$-,0.3
chr17:40670495-40670831,NM_012232$PTRF$chr17$40575338$-,0.3
chr16:30645556-30645885,NM_012248$SEPHS2$chr16$30457296$-,0.37
chr22:43333511-43333722,NM_012263$TTLL1$chr22$43485434$-,0.36
chr12:53615195-53615822,NM_012291$ESPL1$chr12$53662082$+,0.63
chr19:1172839-1173266,NM_012292$HMHA1$chr19$1067164$+,0.34
chr2:1725652-1725860,NM_012293$PXDN$chr2$1748319$-,0.4
chr16:68271348-68271876,NM_012320$PLA2G15$chr16$68279246$+,0.45
chr19:18133045-18133309,NM_012321$LSM4$chr19$18434001$-%NM_001252129$LSM4$chr19$18434001$-,0.37
chr19:18527701-18528040,NM_012321$LSM4$chr19$18434001$-%NM_001252129$LSM4$chr19$18434001$-,0.3
chr1:159859603-159860031,NM_012337$CFAP45$chr1$159869906$-,0.43
chr12:108054058-108054330,NM_012406$PRDM4$chr12$108154914$-,0.44
chr14:85978533-85978728,NM_013231$FLRT2$chr14$85996487$+,0.47
chr5:373695-374160,NM_013232$PDCD6$chr5$271735$+%NM_001267557$PDCD6$chr5$271735$+%NM_001267558$PDCD6$chr5$271735$+%NM_001267556$PDCD6$chr5$271735$+%NM_001267559$PDCD6$chr5$271735$+,0.35
chr5:399875-400445,NM_013232$PDCD6$chr5$271735$+%NM_001267557$PDCD6$chr5$271735$+%NM_001267558$PDCD6$chr5$271735$+%NM_001267556$PDCD6$chr5$271735$+%NM_001267559$PDCD6$chr5$271735$+,0.32
chr19:39184148-39184440,NM_013234$EIF3K$chr19$39109713$+%NM_001300992$EIF3K$chr19$39109713$+,0.33
chr21:30374865-30375265,NM_013240$N6AMT1$chr21$30257695$-%NM_182749$N6AMT1$chr21$30257695$-,0.38
chr11:12204570-12205016,NM_013253$DKK3$chr11$12030917$-,0.34
chr11:12309352-12309734,NM_013253$DKK3$chr11$12030917$-,0.34
chr16:89313669-89314138,NM_013275$ANKRD11$chr16$89556969$-%NM_001256183$ANKRD11$chr16$89556969$-%NM_001256182$ANKRD11$chr16$89556969$-,0.56
chr11:61523945-61524112,NM_013279$MYRF$chr11$61522860$+,0.47
chr11:65042835-65043130,NM_013299$SAC3D1$chr11$64808375$+,0.31
chr16:22202596-22202946,NM_013302$EEF2K$chr16$22217591$+,0.51
chr11:65042835-65043130,NM_013306$SNX15$chr11$64794879$+%NM_147777$SNX15$chr11$64794879$+,0.33
chr15:45748469-45749175,NM_013309$SLC30A4$chr15$45815002$-,0.5
chr19:40939716-40940068,NM_013368$SERTAD3$chr19$40948505$-,0.4
chr19:40939716-40940068,NM_013376$SERTAD1$chr19$40931932$-,0.49
chr1:108650339-108650754,NM_013386$SLC25A24$chr1$108742980$-,0.62
chr10:95218561-95218998,NM_013451$MYOF$chr10$95242074$-%NM_133337$MYOF$chr10$95242074$-,0.63
chr10:95228207-95228553,NM_013451$MYOF$chr10$95242074$-%NM_133337$MYOF$chr10$95242074$-,0.66
chr6:30720004-30720713,NM_013993$DDR1$chr6$30852326$+,0.41
chr8:80705910-80706255,NM_014018$MRPS28$chr8$80942506$-,0.4
chr14:23293879-23294567,NM_014045$LRP10$chr14$23340959$+,0.67
chr6:30720004-30720713,NM_014046$MRPS18B$chr6$30585485$+,0.37
chr19:13972364-13973309,NM_014047$C19orf53$chr19$13885256$+,0.38
chr1:28189568-28190269,NM_014110$PPP1R8$chr1$28157251$+,0.48
chr19:35809679-35810380,NM_014164$FXYD5$chr19$35645624$+,0.32
chr11:60934770-60935212,NM_014207$CD5$chr11$60869929$+,0.3
chr17:42276572-42276897,NM_014233$UBTF$chr17$42297041$-%NM_001076684$UBTF$chr17$42297041$-,0.48
chr12:7034730-7034838,NM_014262$LEPREL2$chr12$6937537$+,0.31
chr19:47776748-47776969,NM_014417$BBC3$chr19$47734451$-,0.59
chr5:132323487-132323535,NM_014423$AFF4$chr5$132299354$-,0.39
chr9:35603992-35604628,NM_014450$SIT1$chr9$35650947$-,0.4
chr11:60934770-60935212,NM_014502$PRPF19$chr11$60674061$-,0.36
chr22:43333511-43333722,NM_014570$ARFGAP3$chr22$43253408$-%NM_001142293$ARFGAP3$chr22$43253408$-,0.42
chr1:20204786-20204981,NM_014589$PLA2G2E$chr1$20250110$-,0.34
chr6:29932777-29932958,NM_014596$ZNRD1$chr6$30029016$+%NM_001278785$ZNRD1$chr6$30029016$+%NM_001278786$ZNRD1$chr6$30029016$+%NM_170783$ZNRD1$chr6$30029016$+,0.54
chr6:30716597-30717062,NM_014641$MDC1$chr6$30685458$-,0.47
chr6:30720004-30720713,NM_014641$MDC1$chr6$30685458$-,0.36
chr6:30736850-30737361,NM_014641$MDC1$chr6$30685458$-,0.65
chr3:5067974-5068590,NM_014674$EDEM1$chr3$5229358$+,0.32
chr1:31627566-31627958,NM_014676$PUM1$chr1$31538564$-%NM_001020658$PUM1$chr1$31538564$-,0.34
chr19:34850085-34850642,NM_014686$KIAA0355$chr19$34745455$+,0.46
chr1:3817648-3818071,NM_014704$CEP104$chr1$3773797$-,0.53
chr12:122908043-122908483,NM_014708$KNTC1$chr12$123011808$+,0.56
chr16:30645556-30645885,NM_014712$SETD1A$chr16$30968614$+,0.33
chr2:20386283-20386578,NM_014713$LAPTM4A$chr2$20251789$-,0.36
chr14:55569733-55570176,NM_014750$DLGAP5$chr14$55658396$-%NM_001146015$DLGAP5$chr14$55658396$-,0.49
chr3:10240691-10241307,NM_014760$TATDN2$chr3$10290176$+,0.51
chr9:35603992-35604628,NM_014806$RUSC2$chr9$35489948$+,0.34
chr5:133891612-133892163,NM_014829$DDX46$chr5$134094423$+%NM_001300860$DDX46$chr5$134094423$+,0.4
chr1:153936554-153936861,NM_014856$DENND4B$chr1$153919154$-,0.47
chr9:2875811-2876206,NM_014878$KIAA0020$chr9$2844130$-,0.39
chr19:1172839-1173266,NM_014963$SBNO2$chr19$1174282$-,0.56
chr14:105144100-105144955,NM_015005$CEP170B$chr14$105331649$+%NM_001112726$CEP170B$chr14$105331649$+,0.46
chr19:38493976-38494435,NM_015073$SIPA1L3$chr19$38397860$+,0.32
chr9:73033763-73035382,NM_015110$SMC5$chr9$72873877$+,0.43
chr11:111402540-111402739,NM_015191$SIK2$chr11$111473169$+,0.39
chr8:29230784-29230978,NM_015254$KIF13B$chr8$29120610$-,0.42
chr5:133891612-133892163,NM_015288$JADE2$chr5$133861797$+,0.43
chr14:77386302-77386621,NM_015305$ANGEL1$chr14$77279283$-,0.39
chr17:72978355-72978661,NM_015353$KCTD2$chr17$73043278$+,0.4
chr11:74465903-74466299,NM_015424$CHRDL2$chr11$74442227$-%NM_001278473$CHRDL2$chr11$74442227$-,0.55
chr15:75746315-75746749,NM_015477$SIN3A$chr15$75743926$-,0.43
chr17:21179100-21179414,NM_015510$DHRS7B$chr17$21030240$+,0.31
chr14:65175295-65175757,NM_015549$PLEKHG3$chr14$65171192$+,0.36
chr1:156629760-156630406,NM_015590$GPATCH4$chr1$156571279$-%NM_182679$GPATCH4$chr1$156571279$-,0.62
chr1:156718467-156719136,NM_015590$GPATCH4$chr1$156571279$-%NM_182679$GPATCH4$chr1$156571279$-,0.38
chr19:47776748-47776969,NM_015603$CCDC9$chr19$47759730$+,0.57
chr17:25415234-25415538,NM_015626$WSB1$chr17$25621105$+%NM_134265$WSB1$chr17$25621105$+,0.38
chr17:25415760-25416041,NM_015626$WSB1$chr17$25621105$+%NM_134265$WSB1$chr17$25621105$+,0.37
chr17:25416172-25416581,NM_015626$WSB1$chr17$25621105$+%NM_134265$WSB1$chr17$25621105$+,0.41
chr1:956563-956812,NM_015658$NOC2L$chr1$894679$-,0.49
chr17:7737438-7738736,NM_015670$SENP3$chr17$7465308$+,0.46
chr17:7738822-7740614,NM_015670$SENP3$chr17$7465308$+,0.45
chr19:18133045-18133309,NM_015683$ARRDC2$chr19$18118976$+%NM_001286826$ARRDC2$chr19$18118976$+,0.56
chr22:41809427-41810696,NM_015704$DESI1$chr22$42017061$-,0.3
chr13:29148829-29149214,NM_015932$POMP$chr13$29233140$+,0.45
chr11:35188303-35189153,NM_015957$APIP$chr11$34937958$-,0.36
chr10:101539519-101539906,NM_015960$CUTC$chr10$101491957$+,0.4
chr12:13253893-13254547,NM_015987$HEBP1$chr12$13153243$-,0.52
chr12:53615195-53615822,NM_015989$CSAD$chr12$53574430$-,0.51
chr1:156718467-156719136,NM_015997$RRNAD1$chr1$156698262$+%NM_001142560$RRNAD1$chr1$156698262$+,0.66
chr20:42286061-42286420,NM_016004$IFT52$chr20$42219578$+,0.36
chr6:36737758-36737957,NM_016059$PPIL1$chr6$36842800$-,0.37
chr6:37104908-37105418,NM_016059$PPIL1$chr6$36842800$-,0.48
chr16:66906996-66907469,NM_016062$FAM96B$chr16$66968326$-,0.38
chr16:4321625-4322178,NM_016069$PAM16$chr16$4401373$-,0.35
chr17:55951789-55952442,NM_016070$MRPS23$chr17$55927433$-,0.44
chr22:38143248-38143734,NM_016091$EIF3L$chr22$38245378$+%NM_001242923$EIF3L$chr22$38245378$+,0.51
chr5:172198749-172199959,NM_016093$RPL26L1$chr5$172386438$+,0.41
chr4:157870715-157871133,NM_016205$PDGFC$chr4$157892546$-,0.57
chr1:17578205-17578469,NM_016233$PADI3$chr1$17575592$+,0.45
chr7:6741580-6741996,NM_016265$ZNF12$chr7$6746566$-%NM_006956$ZNF12$chr7$6746566$-,0.48
chr22:41809427-41810696,NM_016272$TOB2$chr22$41843027$-,0.47
chr3:178978348-178978737,NM_016331$ZNF639$chr3$179041550$+,0.38
chr20:61076779-61077313,NM_016354$SLCO4A1$chr20$61273796$+,0.32
chr20:61371540-61371927,NM_016354$SLCO4A1$chr20$61273796$+,0.41
chr11:64140304-64140795,NM_016404$TRMT112$chr11$64085556$-%NM_001286082$TRMT112$chr11$64085556$-%NM_001286084$TRMT112$chr11$64085556$-,0.48
chr5:138838499-138838633,NM_016463$CXXC5$chr5$139028300$+,0.44
chr5:138620359-138620541,NM_016480$PAIP2$chr5$138677520$+,0.43
chr17:48367346-48367814,NM_016504$MRPL27$chr17$48450562$-,0.43
chr5:133891612-133892163,NM_016508$CDKL3$chr5$133702765$-%NM_001113575$CDKL3$chr5$133702765$-,0.31
chr17:40670495-40670831,NM_016556$PSMC3IP$chr17$40729849$-%NM_013290$PSMC3IP$chr17$40729849$-%NM_001256016$PSMC3IP$chr17$40729849$-%NM_001256015$PSMC3IP$chr17$40729849$-,0.51
chr3:45209101-45209416,NM_016598$ZDHHC3$chr3$45017674$-%NM_001135179$ZDHHC3$chr3$45017674$-,0.37
chr16:3156518-3156937,NM_016639$TNFRSF12A$chr16$3070312$+,0.62
chr11:65420425-65420654,NM_016938$EFEMP2$chr11$65640405$-,0.32
chr11:65666492-65667203,NM_016938$EFEMP2$chr11$65640405$-,0.42
chr21:30374865-30375265,NM_016940$RWDD2B$chr21$30391685$-,0.42
chr8:141598802-141599709,NM_017444$CHRAC1$chr8$141521396$+,0.59
chr2:219827943-219828258,NM_017521$FEV$chr2$219850379$-,0.32
chr7:6677371-6677641,NM_017560$ZNF853$chr7$6655526$+,0.54
chr11:111402540-111402739,NM_017589$BTG4$chr11$111383079$-,0.42
chr22:41809427-41810696,NM_017590$ZC3H7B$chr22$41697506$+,0.35
chr10:74056833-74058104,NM_017626$DNAJB12$chr10$74114907$-%NM_001002762$DNAJB12$chr10$74114907$-,0.4
chr13:111589420-111590157,NM_017664$ANKRD10$chr13$111567454$-%NM_001286721$ANKRD10$chr13$111567454$-,0.79
chrX:129400519-129400680,NM_017666$ZNF280C$chrX$129402922$-,0.48
chr1:185109809-185110137,NM_017673$SWT1$chr1$185126290$+,0.36
chr19:18527231-18527472,NM_017712$PGPEP1$chr19$18451407$+,0.43
chr19:18527701-18528040,NM_017712$PGPEP1$chr19$18451407$+,0.42
chr19:18528263-18528792,NM_017712$PGPEP1$chr19$18451407$+,0.42
chr19:13972364-13973309,NM_017721$CC2D1A$chr19$14016955$+,0.54
chr1:100169951-100170218,NM_017734$PALMD$chr1$100111430$+,0.37
chr1:70691921-70692281,NM_017768$LRRC40$chr1$70671361$-,0.38
chr1:27024638-27025138,NM_017837$PIGV$chr1$27114453$+,0.42
chr1:27191386-27191927,NM_017837$PIGV$chr1$27114453$+,0.48
chr1:956563-956812,NM_017891$C1orf159$chr1$1051736$-,0.56
chr19:1172839-1173266,NM_017914$C19orf24$chr19$1275519$+,0.38
chr11:60934770-60935212,NM_017966$VPS37C$chr11$60928916$-,0.37
chr11:65782974-65783337,NM_018026$PACS1$chr11$65837823$+,0.52
chr19:2165096-2165788,NM_018049$PLEKHJ1$chr19$2236328$-,0.3
chr1:28189568-28190269,NM_018053$XKR8$chr1$28286503$+,0.51
chr1:27191386-27191927,NM_018066$GPN2$chr1$27216869$-,0.57
chr19:4456385-4456784,NM_018074$CCDC94$chr19$4247110$+,0.38
chr10:28366743-28367106,NM_018076$ARMC4$chr10$28287984$-,0.74
chr6:52217307-52217701,NM_018100$EFHC1$chr6$52284993$+,0.5
chr10:95218561-95218998,NM_018131$CEP55$chr10$95256388$+,0.61
chr10:95228207-95228553,NM_018131$CEP55$chr10$95256388$+,0.63
chr5:672861-673336,NM_018140$CEP72$chr5$612404$+,0.4
chr5:784651-785023,NM_018140$CEP72$chr5$612404$+,0.37
chr1:36866636-36866899,NM_018166$EVA1B$chr1$36789755$-,0.32
chr3:5067974-5068590,NM_018184$ARL8B$chr3$5163929$+,0.52
chr20:61371540-61371927,NM_018270$MRGBP$chr20$61427804$+,0.61
chr22:46480881-46481264,NM_018280$PRR34$chr22$46450024$-,0.37
chr2:128598749-128599093,NM_018383$WDR33$chr2$128568761$-%NM_001006622$WDR33$chr2$128568761$-%NM_001006623$WDR33$chr2$128568761$-,0.71
chr12:8123169-8123746,NM_018416$FOXJ2$chr12$8185358$+,0.42
chr6:44002049-44002379,NM_018426$TMEM63B$chr6$44095375$+,0.36
chr6:44009201-44009753,NM_018426$TMEM63B$chr6$44095375$+,0.53
chr6:44031882-44032664,NM_018426$TMEM63B$chr6$44095375$+,0.55
chr3:10240691-10241307,NM_018462$BRK1$chr3$10157332$+,0.46
chr17:48367346-48367814,NM_018509$LRRC59$chr17$48474914$-,0.34
chr12:69036661-69037118,NM_018656$SLC35E3$chr12$69139935$+,0.54
chr20:48391675-48392320,NM_018683$RNF114$chr20$48552913$+,0.32
chr5:138620359-138620541,NM_018834$MATR3$chr5$138629332$+,0.32
chr1:4729528-4729775,NM_018836$AJAP1$chr1$4715104$+%NM_001042478$AJAP1$chr1$4715104$+,0.6
chr20:10492212-10492484,NM_018848$MKKS$chr20$10412573$-,0.41
chr22:38143248-38143734,NM_018957$SH3BP1$chr22$38035683$+,0.49
chr12:109232143-109232504,NM_018984$SSH1$chr12$109251359$-%NM_001161330$SSH1$chr12$109251359$-,0.39
chr2:67625110-67625487,NM_019002$ETAA1$chr2$67624441$+,0.34
chr11:1357863-1358286,NM_019009$TOLLIP$chr11$1330892$-,0.74
chr16:68271348-68271876,NM_019023$PRMT7$chr16$68344876$+%NM_001184824$PRMT7$chr16$68344876$+,0.57
chr10:74056833-74058104,NM_019058$DDIT4$chr10$74033676$+,0.51
chr19:4456385-4456784,NM_019107$C19orf10$chr19$4670415$-,0.31
chr1:26201699-26201757,NM_019557$MTFR1L$chr1$26146683$+,0.62
chr14:75087327-75087770,NM_019589$YLPM1$chr14$75230068$+,0.32
chr19:42784527-42784991,NM_019884$GSK3A$chr19$42746736$-,0.76
chr2:75114636-75114786,NM_019896$POLE4$chr2$75185774$+,0.32
chr1:240308207-240308537,NM_020066$FMN2$chr1$240255184$+,0.59
chr2:128598749-128599093,NM_020120$UGGT1$chr2$128848753$+,0.34
chr2:85147093-85147556,NM_020122$KCMF1$chr2$85198230$+,0.59
chr1:159859603-159860031,NM_020125$SLAMF8$chr1$159796478$+,0.31
chr6:161607618-161607817,NM_020133$AGPAT4$chr6$161695107$-,0.34
chr11:64140304-64140795,NM_020155$GPR137$chr11$64053581$+%NM_001170880$GPR137$chr11$64053581$+,0.34
chr5:114847596-114847935,NM_020177$FEM1C$chr5$114880591$-,0.68
chr17:42276572-42276897,NM_020218$ATXN7L3$chr17$42275529$-%NM_001098833$ATXN7L3$chr17$42275529$-,0.52
chr7:90161-90450,NM_020223$FAM20C$chr7$192968$+,0.32
chr11:61792928-61793609,NM_020238$INCENP$chr11$61891444$+%NM_001040694$INCENP$chr11$61891444$+,0.63
chr22:38143248-38143734,NM_020315$PDXP$chr22$38054736$+,0.37
chr10:80732492-80734123,NM_020338$ZMIZ1$chr10$80828791$+,0.49
chr10:80734291-80734943,NM_020338$ZMIZ1$chr10$80828791$+,0.54
chr10:80737664-80737999,NM_020338$ZMIZ1$chr10$80828791$+,0.59
chr12:69036661-69037118,NM_020401$NUP107$chr12$69080730$+,0.53
chr11:65679250-65679576,NM_020404$CD248$chr11$66084515$-,0.32
chr1:24691833-24692082,NM_020448$NIPAL3$chr1$24742244$+,0.57
chr22:30601535-30602099,NM_020530$OSM$chr22$30662829$-,0.4
chr11:65244638-65245303,NM_020680$SCYL1$chr11$65292547$+%NM_001048218$SCYL1$chr11$65292547$+,0.52
chr11:65261229-65261625,NM_020680$SCYL1$chr11$65292547$+%NM_001048218$SCYL1$chr11$65292547$+,0.57
chr1:153936554-153936861,NM_020699$GATAD2B$chr1$153895451$-,0.71
chr16:66906996-66907469,NM_020786$PDP2$chr16$66914382$+,0.38
chr16:66960903-66961306,NM_020786$PDP2$chr16$66914382$+,0.7
chr22:41047729-41047883,NM_020831$MKL1$chr22$41032723$-%NM_001282662$MKL1$chr22$41032723$-%NM_001282661$MKL1$chr22$41032723$-,0.45
chr12:13253893-13254547,NM_020853$KIAA1467$chr12$13197314$+,0.56
chr12:54072437-54072838,NM_020898$CALCOCO1$chr12$54121307$-%NM_001143682$CALCOCO1$chr12$54121307$-,0.75
chr9:35603992-35604628,NM_020944$GBA2$chr9$35749225$-,0.58
chr19:40939716-40940068,NM_020956$PRX$chr19$40919271$-%NM_181882$PRX$chr19$40919271$-,0.6
chr19:40939716-40940068,NM_020971$SPTBN4$chr19$40973125$+,0.37
chr7:101929978-101930313,NM_020979$SH2B2$chr7$101928352$+,0.53
chr6:25992254-25993073,NM_021018$HIST1H3F$chr6$26250835$-,0.37
chr6:25992254-25993073,NM_021052$HIST1H2AE$chr6$26217147$+,0.39
chr6:26126352-26126787,NM_021052$HIST1H2AE$chr6$26217147$+,0.65
chr6:25992254-25993073,NM_021062$HIST1H2BB$chr6$26043885$-,0.4
chr6:26126352-26126787,NM_021062$HIST1H2BB$chr6$26043885$-,0.44
chr6:28072476-28072872,NM_021066$HIST1H2AJ$chr6$27782518$-,0.32
chr17:43249989-43250354,NM_021079$NMT1$chr17$43138679$+,0.37
chr17:43305165-43306978,NM_021079$NMT1$chr17$43138679$+,0.32
chr2:85147093-85147556,NM_021103$TMSB10$chr2$85132762$+,0.54
chr9:131929415-131929566,NM_021131$PPP2R4$chr9$131873227$+,0.63
chr20:290672-290826,NM_021158$TRIB3$chr20$361272$+,0.43
chr6:31702368-31703528,NM_021160$ABHD16A$chr6$31671137$-,0.74
chr1:956563-956812,NM_021170$HES4$chr1$935552$-%NM_001142467$HES4$chr1$935552$-,0.57
chr19:35809679-35810380,NM_021175$HAMP$chr19$35773409$+,0.35
chr6:31702368-31703528,NM_021184$C6orf47$chr6$31628549$-,0.33
chr16:3156518-3156937,NM_021195$CLDN6$chr16$3068188$-,0.34
chr15:45748469-45749175,NM_021199$SQRDL$chr15$45926937$+,0.42
chr17:7737438-7738736,NM_021210$TRAPPC1$chr17$7835267$-,0.42
chr17:7738822-7740614,NM_021210$TRAPPC1$chr17$7835267$-,0.43
chr17:7746991-7747556,NM_021210$TRAPPC1$chr17$7835267$-,0.41
chr6:31702368-31703528,NM_021221$LY6G5B$chr6$31638727$+,0.51
chr3:178978348-178978737,NM_021629$GNB4$chr3$179169371$-,0.44
chr12:53615195-53615822,NM_021640$C12orf10$chr12$53693469$+,0.3
chr11:61523945-61524112,NM_021727$FADS3$chr11$61659017$-,0.43
chr11:61792928-61793609,NM_021727$FADS3$chr11$61659017$-,0.49
chr14:35250371-35250766,NM_021914$CFL2$chr14$35183023$-,0.33
chr12:52540964-52541526,NM_021934$ATG101$chr12$52463757$+%NM_001098673$ATG101$chr12$52463757$+,0.45
chr6:29932777-29932958,NM_021959$PPP1R11$chr6$30034931$+,0.37
chr6:27745023-27745278,NM_021968$HIST1H4J$chr6$27791902$+,0.41
chr1:27191386-27191927,NM_021969$NR0B2$chr1$27240567$-,0.71
chr1:27024638-27025138,NM_022078$GPATCH3$chr1$27226962$-,0.48
chr1:27191386-27191927,NM_022078$GPATCH3$chr1$27226962$-,0.5
chr5:159592107-159592427,NM_022090$ZBED8$chr5$159827060$-,0.38
chr10:69854882-69855277,NM_022129$PBLD$chr10$70092684$-%NM_001033083$PBLD$chr10$70092684$-,0.48
chr17:80056613-80056910,NM_022156$DUS1L$chr17$80023697$-,0.52
chr17:48367346-48367814,NM_022167$XYLT2$chr17$48423392$+,0.52
chr8:55382610-55382722,NM_022454$SOX17$chr8$55370494$+,0.41
chr14:23293879-23294567,NM_022478$CDH24$chr14$23526747$-%NM_144985$CDH24$chr14$23526747$-,0.42
chr17:62703261-62703596,NM_022739$SMURF2$chr17$62658386$-,0.53
chr17:62705157-62705447,NM_022739$SMURF2$chr17$62658386$-,0.42
chr7:128468302-128468509,NM_022742$CCDC136$chr7$128432049$+,0.46
chr8:21999982-22000221,NM_022749$FAM160B2$chr8$21946713$+,0.55
chr1:37942874-37943354,NM_022756$MEAF6$chr1$37980420$-%NM_001270876$MEAF6$chr1$37980420$-%NM_001270875$MEAF6$chr1$37980420$-,0.49
chr3:171847438-171848726,NM_022763$FNDC3B$chr3$171757417$+,0.35
chr15:90944087-90944636,NM_022769$CRTC3$chr15$91073117$+%NM_001042574$CRTC3$chr15$91073117$+,0.39
chr9:130283548-130283912,NM_022833$FAM129B$chr9$130331396$-,0.61
chr12:122908043-122908483,NM_023012$RSRC2$chr12$123011560$-,0.36
chr19:13972364-13973309,NM_023072$ZSWIM4$chr19$13906273$+,0.34
chr5:784651-785023,NM_023924$BRD9$chr5$892939$-,0.4
chr16:30645556-30645885,NM_023931$ZNF747$chr16$30546194$-,0.55
chr16:30645556-30645885,NM_024031$PRR14$chr16$30662240$+,0.31
chr17:42173326-42173627,NM_024032$C17orf53$chr17$42219273$+%NM_001171251$C17orf53$chr17$42219273$+,0.72
chr17:42276572-42276897,NM_024032$C17orf53$chr17$42219273$+%NM_001171251$C17orf53$chr17$42219273$+,0.56
chr15:45748469-45749175,NM_024063$SPATA5L1$chr15$45694518$+,0.47
chr7:6677371-6677641,NM_024067$C7orf26$chr7$6629914$+,0.39
chr11:77751153-77751354,NM_024079$ALG8$chr11$77850699$-%NM_001007027$ALG8$chr11$77850699$-,0.58
chr17:42173326-42173627,NM_024107$TMUB2$chr17$42264353$+%NM_001076674$TMUB2$chr17$42264353$+,0.4
chr17:42276572-42276897,NM_024107$TMUB2$chr17$42264353$+%NM_001076674$TMUB2$chr17$42264353$+,0.48
chr19:13972364-13973309,NM_024323$C19orf57$chr19$14016909$-,0.66
chr19:4456385-4456784,NM_024333$FSD1$chr19$4304590$+,0.3
chr16:3156518-3156937,NM_024339$THOC6$chr16$3074031$+%NM_001142350$THOC6$chr16$3074031$+,0.49
chr8:103549220-103549421,NM_024410$ODF1$chr8$103563847$+,0.47
chr14:77499482-77500543,NM_024496$IRF2BPL$chr14$77495042$-,0.43
chr3:194210438-194211060,NM_024524$ATP13A3$chr3$194188968$-,0.57
chr1:156718467-156719136,NM_024540$MRPL24$chr1$156710923$-%NM_145729$MRPL24$chr1$156710923$-,0.36
chr1:20930711-20931037,NM_024544$MUL1$chr1$20834674$-,0.32
chr22:19874514-19874924,NM_024627$C22orf29$chr22$19842371$-,0.72
chr11:66494780-66495327,NM_024650$C11orf80$chr11$66512206$+%NM_001302084$C11orf80$chr11$66512206$+,0.48
chr15:101261855-101262549,NM_024652$LRRK1$chr15$101459459$+,0.36
chr20:57198784-57199334,NM_024663$NPEPL1$chr20$57267861$+,0.44
chr12:76849053-76849336,NM_024685$BBS10$chr12$76742222$-,0.35
chr1:37942874-37943354,NM_024700$SNIP1$chr1$38019945$-,0.43
chr11:96040167-96040456,NM_024725$CCDC82$chr11$96123083$-,0.48
chr10:5333644-5334212,NM_024803$TUBAL3$chr10$5446793$-%NM_001171864$TUBAL3$chr10$5446793$-,0.39
chr10:5334474-5334640,NM_024803$TUBAL3$chr10$5446793$-%NM_001171864$TUBAL3$chr10$5446793$-,0.33
chr8:21999982-22000221,NM_024815$NUDT18$chr8$21966932$-,0.59
chr6:30720004-30720713,NM_024909$ATAT1$chr6$30594612$+,0.41
chr6:30736850-30737361,NM_024909$ATAT1$chr6$30594612$+,0.48
chr20:35490387-35490628,NM_024918$DSN1$chr20$35402154$-%NM_001145316$DSN1$chr20$35402154$-,0.52
chr16:66906996-66907469,NM_024922$CES3$chr16$66995131$+%NM_001185177$CES3$chr16$66995131$+,0.35
chr16:66960903-66961306,NM_024922$CES3$chr16$66995131$+%NM_001185177$CES3$chr16$66995131$+,0.57
chr10:105681714-105681858,NM_024928$OBFC1$chr10$105678045$-,0.55
chr20:290672-290826,NM_024958$NRSN2$chr20$327369$+,0.73
chr12:113709766-113709965,NM_024959$SLC8B1$chr12$113772925$-,0.45
chr1:85049005-85049203,NM_025065$RPF1$chr1$84944919$+,0.46
chr1:37942874-37943354,NM_025079$ZC3H12A$chr1$37940118$+,0.46
chr15:75018665-75019349,NM_025083$EDC3$chr15$74988386$-%NM_001142443$EDC3$chr15$74988386$-%NM_001142444$EDC3$chr15$74988386$-,0.42
chr17:76929562-76929807,NM_025090$USP36$chr17$76836969$-,0.4
chr17:76930060-76930674,NM_025090$USP36$chr17$76836969$-,0.31
chr11:65666492-65667203,NM_025128$MUS81$chr11$65627871$+,0.52
chr11:65678943-65679154,NM_025128$MUS81$chr11$65627871$+,0.35
chr11:65679250-65679576,NM_025128$MUS81$chr11$65627871$+,0.4
chr2:219773515-219774011,NM_025216$WNT10A$chr2$219745254$+,0.36
chr6:28072476-28072872,NM_025231$ZSCAN16$chr6$28092386$+,0.65
chr8:21999982-22000221,NM_025232$REEP4$chr8$21999448$-,0.45
chr17:40670495-40670831,NM_025233$COASY$chr17$40714091$+%NM_001042532$COASY$chr17$40714091$+%NM_001042529$COASY$chr17$40714091$+,0.42
chr17:41827198-41827473,NM_025237$SOST$chr17$41836156$-,0.44
chr19:4456385-4456784,NM_025241$UBXN6$chr19$4457791$-,0.36
chr6:31702368-31703528,NM_025258$VWA7$chr6$31745108$-,0.3
chr6:31702368-31703528,NM_025262$LY6G5C$chr6$31648150$-,0.37
chr6:30720004-30720713,NM_025263$PRR3$chr6$30524485$+%NM_001077497$PRR3$chr6$30524485$+,0.39
chr6:30736850-30737361,NM_025263$PRR3$chr6$30524485$+%NM_001077497$PRR3$chr6$30524485$+,0.4
chr19:41771602-41771660,NM_030578$B9D2$chr19$41870078$-,0.31
chr5:178259703-178260206,NM_030613$ZFP2$chr5$178322915$+,0.65
chr19:41771602-41771660,NM_030622$CYP2S1$chr19$41699114$+,0.44
chr17:72978355-72978661,NM_030630$HID1$chr17$72968900$-,0.44
chr17:17743258-17743857,NM_030665$RAI1$chr17$17584786$+,0.33
chr22:24255997-24256450,NM_030807$SLC2A11$chr22$24198889$+%NM_001024938$SLC2A11$chr22$24198889$+,0.54
chr19:13972364-13973309,NM_030818$CCDC130$chr19$13858752$+,0.43
chr22:36727482-36728450,NM_030882$APOL2$chr22$36635689$-,0.39
chr1:185109809-185110137,NM_030934$TRMT1L$chr1$185126116$-,0.47
chr1:156718467-156719136,NM_030980$ISG20L2$chr1$156697705$-,0.3
chr20:61076779-61077313,NM_031215$CABLES2$chr20$60982339$-,0.45
chr1:36866636-36866899,NM_031280$MRPS15$chr1$36930040$-,0.48
chr11:64140304-64140795,NM_031471$FERMT3$chr11$63974151$+%NM_178443$FERMT3$chr11$63974151$+,0.37
chr19:54465243-54465494,NM_031896$CACNG7$chr19$54415990$+,0.36
chr19:54465243-54465494,NM_031897$CACNG6$chr19$54495541$+%NM_145815$CACNG6$chr19$54495541$+%NM_145814$CACNG6$chr19$54495541$+,0.54
chr11:65244638-65245303,NM_031904$FRMD8$chr11$65154040$+%NM_001300832$FRMD8$chr11$65154040$+%NM_001300833$FRMD8$chr11$65154040$+,0.42
chr11:65261229-65261625,NM_031904$FRMD8$chr11$65154040$+%NM_001300832$FRMD8$chr11$65154040$+%NM_001300833$FRMD8$chr11$65154040$+,0.38
chr7:75795833-75796053,NM_031925$TMEM120A$chr7$75623992$-,0.33
chr17:80454894-80455238,NM_031968$NARF$chr17$80416539$+%NM_001083608$NARF$chr17$80416539$+%NM_012336$NARF$chr17$80416539$+,0.52
chr1:36866636-36866899,NM_032017$STK40$chr1$36851528$-%NM_001282547$STK40$chr1$36851528$-%NM_001282546$STK40$chr1$36851528$-,0.48
chr8:125466570-125466668,NM_032026$TATDN1$chr8$125551329$-%NM_001146160$TATDN1$chr8$125551329$-,0.33
chr19:4456385-4456784,NM_032108$SEMA6B$chr19$4559771$-,0.51
chr6:44009201-44009753,NM_032111$MRPL14$chr6$44095191$-,0.41
chr6:44031882-44032664,NM_032111$MRPL14$chr6$44095191$-,0.5
chr16:68271348-68271876,NM_032178$SLC7A6OS$chr16$68344868$-,0.57
chr11:65419981-65420225,NM_032193$RNASEH2C$chr11$65488409$-,0.36
chr11:65420425-65420654,NM_032193$RNASEH2C$chr11$65488409$-,0.52
chr11:65666492-65667203,NM_032193$RNASEH2C$chr11$65488409$-,0.36
chr11:65679250-65679576,NM_032193$RNASEH2C$chr11$65488409$-,0.41
chr11:65244638-65245303,NM_032223$PCNXL3$chr11$65383782$+,0.41
chr11:65419981-65420225,NM_032223$PCNXL3$chr11$65383782$+,0.61
chr11:65420425-65420654,NM_032223$PCNXL3$chr11$65383782$+,0.44
chr11:65666492-65667203,NM_032223$PCNXL3$chr11$65383782$+,0.41
chr8:43092918-43093442,NM_032237$POMK$chr8$42948648$+%NM_001277971$POMK$chr8$42948648$+,0.3
chr18:9914998-9915501,NM_032243$TXNDC2$chr18$9885722$+%NM_001098529$TXNDC2$chr18$9885722$+,0.34
chr11:64140304-64140795,NM_032251$CCDC88B$chr11$64107689$+,0.58
chr16:57717053-57717380,NM_032269$DRC7$chr16$57728712$+%NM_001289162$DRC7$chr16$57728712$+%NM_001289163$DRC7$chr16$57728712$+,0.38
chr1:27024638-27025138,NM_032283$ZDHHC18$chr1$27153200$+,0.32
chr1:27191386-27191927,NM_032283$ZDHHC18$chr1$27153200$+,0.44
chr19:13972364-13973309,NM_032285$MRI1$chr19$13875336$+%NM_001031727$MRI1$chr19$13875336$+,0.5
chr1:67029939-67030347,NM_032291$SGIP1$chr1$66999824$+,0.61
chr16:3156518-3156937,NM_032296$FLYWCH1$chr16$2961979$+%NM_020912$FLYWCH1$chr16$2961979$+,0.44
chr7:1572262-1572844,NM_032302$PSMG3$chr7$1609629$-,0.71
chr2:113569466-113569945,NM_032309$CHCHD5$chr2$113342035$+,0.39
chr19:34850085-34850642,NM_032346$PDCD2L$chr19$34895302$+,0.72
chr17:7737438-7738736,NM_032356$NAA38$chr17$7761172$-,0.43
chr17:7738822-7740614,NM_032356$NAA38$chr17$7761172$-,0.48
chr17:42173326-42173627,NM_032376$TMEM101$chr17$42092345$-,0.48
chr17:42276572-42276897,NM_032376$TMEM101$chr17$42092345$-,0.3
chr19:11642939-11643084,NM_032377$ELOF1$chr19$11670051$-,0.42
chr1:20930711-20931037,NM_032409$PINK1$chr1$20959947$+,0.31
chr15:45748469-45749175,NM_032413$C15orf48$chr15$45722726$+%NM_197955$C15orf48$chr15$45722726$+,0.42
chr11:96040167-96040456,NM_032427$MAML2$chr11$96076344$-,0.35
chr19:2165096-2165788,NM_032482$DOT1L$chr19$2164147$+,0.42
chr16:4321625-4322178,NM_032575$GLIS2$chr16$4382224$+,0.58
chr10:69854882-69855277,NM_032578$MYPN$chr10$69869189$+%NM_001256268$MYPN$chr10$69869189$+,0.38
chr12:122067749-122067897,NM_032590$KDM2B$chr12$122018920$-,0.44
chr17:48139711-48140314,NM_032595$PPP1R9B$chr17$48227878$-,0.39
chr17:48367346-48367814,NM_032595$PPP1R9B$chr17$48227878$-,0.31
chr20:30191850-30192346,NM_032609$COX4I2$chr20$30225690$+,0.48
chr20:30262675-30263005,NM_032609$COX4I2$chr20$30225690$+,0.48
chr19:18527231-18527472,NM_032627$SSBP4$chr19$18530145$+%NM_001009998$SSBP4$chr19$18530145$+,0.58
chr19:18527701-18528040,NM_032627$SSBP4$chr19$18530145$+%NM_001009998$SSBP4$chr19$18530145$+,0.43
chr19:18528263-18528792,NM_032627$SSBP4$chr19$18530145$+%NM_001009998$SSBP4$chr19$18530145$+,0.34
chr19:4456385-4456784,NM_032631$HDGFRP2$chr19$4472192$+%NM_001001520$HDGFRP2$chr19$4472192$+,0.49
chr19:35809679-35810380,NM_032635$TMEM147$chr19$36036501$+%NM_001242597$TMEM147$chr19$36036501$+%NM_001242598$TMEM147$chr19$36036501$+,0.31
chr12:7034730-7034838,NM_032641$SPSB2$chr12$6982521$-,0.66
chr19:52192085-52192767,NM_032679$ZNF577$chr19$52391229$-,0.44
chr14:105144100-105144955,NM_032714$INF2$chr14$105155942$+%NM_001031714$INF2$chr14$105155942$+%NM_022489$INF2$chr14$105155942$+,0.38
chr22:20863506-20864089,NM_032775$KLHL22$chr22$20850170$-,0.31
chr12:122067749-122067897,NM_032790$ORAI1$chr12$122064454$+,0.32
chr9:131929415-131929566,NM_032809$FAM73B$chr9$131799252$+,0.33
chr7:101929978-101930313,NM_032831$ORAI2$chr7$102073976$+%NM_001271819$ORAI2$chr7$102073976$+%NM_001271818$ORAI2$chr7$102073976$+%NM_001126340$ORAI2$chr7$102073976$+,0.33
chr12:113709766-113709965,NM_032848$RITA1$chr12$113623330$+%NM_001286215$RITA1$chr12$113623330$+,0.37
chr11:12309352-12309734,NM_032867$MICALCL$chr11$12308446$+,0.39
chr12:53615195-53615822,NM_032889$MFSD5$chr12$53645875$+,0.53
chr10:6171883-6172155,NM_032905$RBM17$chr10$6130948$+,0.64
chr20:290672-290826,NM_033089$ZCCHC3$chr20$278203$+,0.54
chr6:31702368-31703528,NM_033177$GPANK1$chr6$31633179$-,0.33
chr16:89555521-89555997,NM_033251$RPL13$chr16$89627118$+,0.37
chr16:89571786-89572109,NM_033251$RPL13$chr16$89627118$+,0.69
chr16:66960903-66961306,NM_033309$B3GNT9$chr16$67184902$-,0.3
chr11:65419981-65420225,NM_033348$KCNK7$chr11$65363467$-%NM_033347$KCNK7$chr11$65363467$-%NM_033455$KCNK7$chr11$65363467$-%NM_005714$KCNK7$chr11$65363467$-,0.63
chr11:65420425-65420654,NM_033348$KCNK7$chr11$65363467$-%NM_033347$KCNK7$chr11$65363467$-%NM_033455$KCNK7$chr11$65363467$-%NM_005714$KCNK7$chr11$65363467$-,0.36
chr2:159855059-159855514,NM_033394$TANC1$chr2$159825145$+%NM_001145909$TANC1$chr2$159825145$+,0.41
chr11:33711808-33712191,NM_033406$FBXO3$chr11$33796071$-%NM_012175$FBXO3$chr11$33796071$-,0.4
chr14:77499482-77500543,NM_033426$CIPC$chr14$77564577$+,0.49
chr1:2574343-2574764,NM_033467$MMEL1$chr1$2564481$-,0.42
chr3:178978348-178978737,NM_033540$MFN1$chr3$179065479$+,0.44
chr11:77751153-77751354,NM_033547$INTS4$chr11$77705717$-,0.4
chr5:171602273-171602685,NM_033645$FBXW11$chr5$171433877$-%NM_012300$FBXW11$chr5$171433877$-%NM_033644$FBXW11$chr5$171433877$-,0.4
chr10:33250851-33251304,NM_033668$ITGB1$chr10$33224486$-,0.46
chr10:33272272-33272613,NM_033668$ITGB1$chr10$33224486$-,0.59
chr19:41771602-41771660,NM_052848$CCDC97$chr19$41816093$+,0.65
chr19:13262107-13262928,NM_052850$GADD45GIP1$chr19$13068068$-,0.61
chr19:20337633-20337845,NM_052852$ZNF486$chr19$20278022$+,0.6
chr11:46258702-46259233,NM_052854$CREB3L1$chr11$46299188$+,0.73
chr19:13262107-13262928,NM_052876$NACC1$chr19$13229101$+,0.49
chr19:13273540-13274187,NM_052876$NACC1$chr19$13229101$+,0.69
chr19:13278382-13278991,NM_052876$NACC1$chr19$13229101$+,0.66
chr13:84480650-84480755,NM_052910$SLITRK1$chr13$84456528$-%NM_001281503$SLITRK1$chr13$84456528$-,0.45
chr1:89739985-89740544,NM_052941$GBP4$chr1$89664633$-,0.31
chr1:89739985-89740544,NM_052942$GBP5$chr1$89738544$-%NM_001134486$GBP5$chr1$89738544$-,0.3
chr22:19874514-19874924,NM_053004$GNB1L$chr22$19842462$-,0.74
chr11:65782974-65783337,NM_053054$CATSPER1$chr11$65793988$-,0.35
chr8:29230784-29230978,NM_057158$DUSP4$chr8$29206322$-,0.3
chr5:178259703-178260206,NM_058230$ZNF354B$chr5$178286953$+,0.47
chr10:101539519-101539906,NM_078470$COX15$chr10$101492423$-%NM_004376$COX15$chr10$101492423$-,0.57
chr20:61076779-61077313,NM_080473$GATA5$chr20$61051026$-,0.48
chr20:1398801-1399138,NM_080489$SDCBP2$chr20$1309879$-,0.47
chr12:7034730-7034838,NM_080548$PTPN6$chr12$7055739$+,0.69
chr20:290672-290826,NM_080571$C20orf96$chr20$271419$-%NM_153269$C20orf96$chr20$271419$-,0.65
chr6:31702368-31703528,NM_080598$DDX39B$chr6$31510252$-%NM_004640$DDX39B$chr6$31510252$-,0.31
chr20:35490387-35490628,NM_080627$SOGA1$chr20$35492087$-,0.34
chr20:35490387-35490628,NM_080628$TLDC2$chr20$35504569$+,0.42
chr5:133891612-133892163,NM_080656$CDKN2AIPNL$chr5$133747598$-,0.32
chr11:65042835-65043130,NM_080668$CDCA5$chr11$64851615$-,0.33
chr6:31702368-31703528,NM_080686$PRRC2A$chr6$31588449$+%NM_004638$PRRC2A$chr6$31588449$+,0.41
chr6:31702368-31703528,NM_080703$BAG6$chr6$31620477$-%NM_004639$BAG6$chr6$31620477$-%NM_001199698$BAG6$chr6$31620477$-%NM_001199697$BAG6$chr6$31620477$-%NM_080702$BAG6$chr6$31620477$-,0.52
chr20:49100027-49100544,NM_080829$FAM65C$chr20$49253455$-,0.31
chr14:55569733-55570176,NM_080867$SOCS4$chr14$55493843$+%NM_199421$SOCS4$chr14$55493843$+,0.5
chr10:129851192-129851341,NM_130435$PTPRE$chr10$129845812$+,0.43
chr21:46783934-46784395,NM_130445$COL18A1$chr21$46825096$+,0.84
chr19:2165096-2165788,NM_130807$MOB3A$chr19$2096269$-,0.42
chr19:42784527-42784991,NM_133328$DEDD2$chr19$42721944$-%NM_001270615$DEDD2$chr19$42721944$-,0.54
chr6:52217307-52217701,NM_133367$PAQR8$chr6$52226925$+,0.66
chr17:43249989-43250354,NM_133373$PLCD3$chr17$43209900$-,0.63
chr17:43305165-43306978,NM_133373$PLCD3$chr17$43209900$-,0.64
chr10:33250851-33251304,NM_133376$ITGB1$chr10$33246822$-,0.55
chr19:42784527-42784991,NM_133444$ZNF526$chr19$42724491$+,0.64
chr6:30720004-30720713,NM_133471$PPP1R18$chr6$30655672$-,0.37
chr21:46783934-46784395,NM_133635$POFUT2$chr21$46707811$-%NM_015227$POFUT2$chr21$46707811$-,0.36
chr9:116385277-116385518,NM_134427$RGS3$chr9$116327233$+,0.51
chr6:31702368-31703528,NM_138272$C6orf25$chr6$31691120$+%NM_138273$C6orf25$chr6$31691120$+%NM_138277$C6orf25$chr6$31691120$+%NM_138274$C6orf25$chr6$31691120$+%NM_025260$C6orf25$chr6$31691120$+%NM_138275$C6orf25$chr6$31691120$+,0.5
chr22:41809427-41810696,NM_138338$POLR3H$chr22$41940493$-%NM_001018052$POLR3H$chr22$41940493$-%NM_001018050$POLR3H$chr22$41940493$-%NM_001282885$POLR3H$chr22$41940493$-,0.37
chr4:38859134-38859762,NM_138389$FAM114A1$chr4$38869353$+,0.62
chr19:40939716-40940068,NM_138392$SHKBP1$chr19$41082756$+,0.38
chr16:4321625-4322178,NM_138440$VASN$chr16$4421848$+,0.55
chr19:18133045-18133309,NM_138442$CCDC124$chr19$18045904$+,0.39
chr12:113709766-113709965,NM_138451$IQCD$chr12$113658899$-,0.65
chr5:373695-374160,NM_138464$C5orf55$chr5$443258$-,0.48
chr5:399875-400445,NM_138464$C5orf55$chr5$443258$-,0.64
chr22:38143248-38143734,NM_138632$TRIOBP$chr22$38142240$+%NM_007032$TRIOBP$chr22$38142240$+,0.39
chr6:25992254-25993073,NM_138720$HIST1H2BD$chr6$26158348$+%NM_021063$HIST1H2BD$chr6$26158348$+,0.39
chr6:26126352-26126787,NM_138720$HIST1H2BD$chr6$26158348$+%NM_021063$HIST1H2BD$chr6$26158348$+,0.54
chr19:11642939-11643084,NM_138783$ZNF653$chr19$11616738$-,0.42
chr22:38143248-38143734,NM_138797$ANKRD54$chr22$38240353$-,0.34
chr18:70536769-70537080,NM_138999$NETO1$chr18$70532934$-,0.34
chr6:25992254-25993073,NM_139009$HFE$chr6$26087508$+%NM_139010$HFE$chr6$26087508$+%NM_000410$HFE$chr6$26087508$+%NM_139007$HFE$chr6$26087508$+%NM_139006$HFE$chr6$26087508$+%NM_139004$HFE$chr6$26087508$+%NM_139003$HFE$chr6$26087508$+%NM_139008$HFE$chr6$26087508$+%NM_139011$HFE$chr6$26087508$+%NM_001300749$HFE$chr6$26087508$+,0.48
chr6:26126352-26126787,NM_139009$HFE$chr6$26087508$+%NM_139010$HFE$chr6$26087508$+%NM_000410$HFE$chr6$26087508$+%NM_139007$HFE$chr6$26087508$+%NM_139006$HFE$chr6$26087508$+%NM_139004$HFE$chr6$26087508$+%NM_139003$HFE$chr6$26087508$+%NM_139008$HFE$chr6$26087508$+%NM_139011$HFE$chr6$26087508$+%NM_001300749$HFE$chr6$26087508$+,0.34
chr19:4456385-4456784,NM_139159$DPP9$chr19$4723855$-,0.33
chr15:65245420-65245827,NM_139242$MTFMT$chr15$65321977$-,0.32
chr8:21999982-22000221,NM_139278$LGI3$chr8$22014344$-,0.55
chr10:27531769-27532240,NM_139312$YME1L1$chr10$27443349$-%NM_014263$YME1L1$chr10$27443349$-%NM_001253866$YME1L1$chr10$27443349$-,0.5
chr3:50208155-50208394,NM_144499$GNAT1$chr3$50229042$+%NM_000172$GNAT1$chr3$50229042$+,0.38
chr14:55569733-55570176,NM_144578$MAPK1IP1L$chr14$55518361$+,0.35
chr17:7737438-7738736,NM_144607$CYB5D1$chr17$7761063$+,0.75
chr17:7738822-7740614,NM_144607$CYB5D1$chr17$7761063$+,0.83
chr17:43249989-43250354,NM_144608$HEXIM2$chr17$43238263$+,0.32
chr17:43305165-43306978,NM_144608$HEXIM2$chr17$43238263$+,0.44
chr20:290672-290826,NM_144628$TBC1D20$chr20$443197$-,0.3
chr19:41771602-41771660,NM_144732$HNRNPUL1$chr19$41768380$+,0.37
chr2:37605671-37605839,NM_144736$NDUFAF7$chr2$37458773$+%NM_001083946$NDUFAF7$chr2$37458773$+,0.39
chr19:35809679-35810380,NM_144779$FXYD5$chr19$35645671$+,0.33
chr12:31902136-31902566,NM_144973$DENND5B$chr12$31743952$-,0.45
chr17:80056613-80056910,NM_144998$STRA13$chr17$79980785$-%NM_001271007$STRA13$chr17$79980785$-%NM_001271006$STRA13$chr17$79980785$-,0.4
chr1:36866636-36866899,NM_145047$OSCP1$chr1$36916086$-%NM_206837$OSCP1$chr1$36916086$-,0.45
chr17:21179100-21179414,NM_145109$MAP2K3$chr17$21187967$+,0.49
chr19:18527231-18527472,NM_145256$LRRC25$chr19$18508415$-,0.54
chr19:18527701-18528040,NM_145256$LRRC25$chr19$18508415$-,0.51
chr19:18528263-18528792,NM_145256$LRRC25$chr19$18508415$-,0.55
chr16:30645556-30645885,NM_145271$ZNF688$chr16$30583728$-%NM_001024683$ZNF688$chr16$30583728$-,0.42
chr19:11642939-11643084,NM_145295$ZNF627$chr19$11708234$+%NM_001290083$ZNF627$chr19$11708234$+%NM_001290084$ZNF627$chr19$11708234$+%NM_001290085$ZNF627$chr19$11708234$+,0.34
chr10:44185624-44185942,NM_145312$ZNF485$chr10$44101854$+,0.5
chr22:36727482-36728450,NM_145637$APOL2$chr22$36636000$-,0.45
chr6:10458287-10458428,NM_145649$GCNT2$chr6$10521567$+,0.42
chr10:27531769-27532240,NM_145698$ACBD5$chr10$27529808$-%NM_001301252$ACBD5$chr10$27529808$-%NM_001301254$ACBD5$chr10$27529808$-%NM_001271512$ACBD5$chr10$27529808$-,0.32
chr12:53615195-53615822,NM_145897$PFDN5$chr12$53689234$+%NM_002624$PFDN5$chr12$53689234$+,0.54
chr5:171602273-171602685,NM_152277$UBTD2$chr5$171710795$-,0.44
chr14:105144100-105144955,NM_152328$ADSSL1$chr14$105190533$+,0.43
chr14:52006399-52006758,NM_152330$FRMD6$chr14$52118575$+%NM_001267046$FRMD6$chr14$52118575$+,0.57
chr16:3156518-3156937,NM_152341$PAQR4$chr16$3019245$+%NM_001284512$PAQR4$chr16$3019245$+%NM_001284511$PAQR4$chr16$3019245$+,0.51
chr17:43305165-43306978,NM_152343$SPATA32$chr17$43339479$-,0.4
chr17:42173326-42173627,NM_152344$LSM12$chr17$42144987$-,0.3
chr19:4456385-4456784,NM_152362$TNFAIP8L1$chr19$4639526$+,0.4
chr1:27191386-27191927,NM_152365$KDF1$chr1$27286901$-,0.35
chr5:148591795-148592037,NM_152406$AFAP1L1$chr5$148651400$+%NM_001146337$AFAP1L1$chr5$148651400$+,0.33
chr8:43092918-43093442,NM_152419$HGSNAT$chr8$42995591$+,0.32
chr16:30645556-30645885,NM_152458$ZNF785$chr16$30597092$-,0.6
chr1:956563-956812,NM_152486$SAMD11$chr1$861120$+,0.44
chr2:113569466-113569945,NM_152515$CKAP2L$chr2$113522254$-,0.53
chr2:232468888-232470128,NM_152614$C2orf57$chr2$232457574$+,0.61
chr19:13262107-13262928,NM_152654$DAND5$chr19$13080431$+,0.4
chr11:65666492-65667203,NM_152760$SNX32$chr11$65601409$+,0.43
chr19:1172839-1173266,NM_152769$C19orf26$chr19$1237990$-,0.52
chr3:196064212-196064579,NM_152773$TCTEX1D2$chr3$196045165$-,0.51
chr11:65244638-65245303,NM_152832$FAM89B$chr11$65339819$+%NM_001098785$FAM89B$chr11$65339819$+%NM_001098784$FAM89B$chr11$65339819$+,0.36
chr11:65261229-65261625,NM_152832$FAM89B$chr11$65339819$+%NM_001098785$FAM89B$chr11$65339819$+%NM_001098784$FAM89B$chr11$65339819$+,0.38
chr11:65419981-65420225,NM_152832$FAM89B$chr11$65339819$+%NM_001098785$FAM89B$chr11$65339819$+%NM_001098784$FAM89B$chr11$65339819$+,0.45
chr11:65420425-65420654,NM_152832$FAM89B$chr11$65339819$+%NM_001098785$FAM89B$chr11$65339819$+%NM_001098784$FAM89B$chr11$65339819$+,0.43
chr7:101929978-101930313,NM_152892$LRWD1$chr7$102105389$+,0.36
chr17:21179100-21179414,NM_152914$NATD1$chr17$21156578$-,0.51
chr17:42173326-42173627,NM_153006$NAGS$chr17$42082031$+,0.42
chr6:18432400-18432879,NM_153042$KDM1B$chr6$18155618$+,0.69
chr17:48367346-48367814,NM_153229$TMEM92$chr17$48351787$+,0.53
chr6:43978439-43978901,NM_153246$C6orf223$chr6$43968336$+%NM_001171992$C6orf223$chr6$43968336$+,0.31
chr6:44009201-44009753,NM_153246$C6orf223$chr6$43968336$+%NM_001171992$C6orf223$chr6$43968336$+,0.39
chr6:44031882-44032664,NM_153246$C6orf223$chr6$43968336$+%NM_001171992$C6orf223$chr6$43968336$+,0.35
chr22:20863506-20864089,NM_153334$SCARF2$chr22$20792146$-%NM_182895$SCARF2$chr22$20792146$-,0.34
chr22:24255997-24256450,NM_153615$RGL4$chr22$24033047$+,0.34
chr16:89571786-89572109,NM_153636$CPNE7$chr16$89642175$+%NM_014427$CPNE7$chr16$89642175$+,0.33
chr16:75278988-75279894,NM_153688$ZFP1$chr16$75182420$+,0.38
chr3:50208155-50208394,NM_170712$RASSF1$chr3$50375664$-,0.34
chr21:39723755-39724311,NM_170736$KCNJ15$chr21$39628725$+,0.47
chr21:39616792-39617335,NM_170737$KCNJ15$chr21$39644341$+,0.38
chr16:57717053-57717380,NM_170776$GPR97$chr16$57702156$+,0.39
chr20:10492212-10492484,NM_170784$MKKS$chr20$10414887$-,0.41
chr3:178978348-178978737,NM_171829$KCNMB3$chr3$178977679$-,0.38
chr17:7738822-7740614,NM_172089$TNFSF12-TNFSF13$chr17$7452374$+%NM_003809$TNFSF12$chr17$7452374$+,0.39
chr4:41162074-41162440,NM_173075$APBB2$chr4$41216635$-%NM_001166050$APBB2$chr4$41216635$-%NM_004307$APBB2$chr4$41216635$-,0.38
chr14:23293879-23294567,NM_173527$REM2$chr14$23352431$+,0.32
chr12:113709766-113709965,NM_173542$PLBD2$chr12$113796370$+%NM_001159727$PLBD2$chr12$113796370$+,0.37
chr17:80454894-80455238,NM_173620$HEXDC$chr17$80376251$+,0.45
chr12:31902136-31902566,NM_173802$METTL20$chr12$31812120$+,0.31
chr1:72749220-72749791,NM_173808$NEGR1$chr1$72748277$-,0.55
chr16:66960903-66961306,NM_173815$CES4A$chr16$67022491$+,0.34
chr12:122067749-122067897,NM_173855$MORN3$chr12$122107560$-,0.35
chr17:48139711-48140314,NM_174920$SAMD14$chr17$48207246$-%NM_001257359$SAMD14$chr17$48207246$-,0.47
chr12:7592182-7592797,NM_174941$CD163L1$chr12$7596781$-%NM_001297650$CD163L1$chr12$7596781$-,0.62
chr12:53229830-53230092,NM_175834$KRT79$chr12$53228077$-,0.32
chr1:28189568-28190269,NM_177424$STX12$chr1$28099693$+,0.41
chr17:42173326-42173627,NM_177441$TMUB2$chr17$42264573$+,0.41
chr17:42276572-42276897,NM_177441$TMUB2$chr17$42264573$+,0.48
chr9:131929415-131929566,NM_178003$PPP2R4$chr9$131873592$+%NM_178001$PPP2R4$chr9$131873592$+%NM_178000$PPP2R4$chr9$131873592$+%NM_001271832$PPP2R4$chr9$131873592$+,0.57
chr10:6245814-6246792,NM_178150$FBXO18$chr10$5932165$+%NM_001258453$FBXO18$chr10$5932165$+,0.3
chr3:45209101-45209416,NM_178181$CDCP1$chr3$45187914$-%NM_022842$CDCP1$chr3$45187914$-,0.53
chr1:156718467-156719136,NM_178229$IQGAP3$chr1$156542396$-,0.45
chr2:54787503-54787764,NM_178313$SPTBN1$chr2$54785530$+,0.57
chr1:26201699-26201757,NM_178422$PAQR7$chr1$26197744$-,0.55
chr19:47776748-47776969,NM_178511$INAFM1$chr19$47778141$+,0.66
chr17:1953067-1954207,NM_178568$RTN4RL1$chr17$1928178$-,0.63
chr1:31627566-31627958,NM_178865$SERINC2$chr1$31885962$+,0.35
chr11:18404883-18405218,NM_181507$HPS5$chr11$18343721$-%NM_181508$HPS5$chr11$18343721$-%NM_007216$HPS5$chr11$18343721$-,0.33
chr1:153936554-153936861,NM_181715$CRTC2$chr1$153931132$-,0.3
chr6:31702368-31703528,NM_181842$ZBTB12$chr6$31869769$-,0.3
chr22:37638328-37638951,NM_182486$C1QTNF6$chr22$37584330$-%NM_031910$C1QTNF6$chr22$37584330$-,0.47
chr16:89382240-89382290,NM_182531$ZNF778$chr16$89284110$+%NM_001201407$ZNF778$chr16$89284110$+,0.34
chr16:89382399-89382987,NM_182531$ZNF778$chr16$89284110$+%NM_001201407$ZNF778$chr16$89284110$+,0.34
chr5:178259703-178260206,NM_182594$ZNF454$chr5$178368193$+%NM_001178090$ZNF454$chr5$178368193$+%NM_001178089$ZNF454$chr5$178368193$+,0.51
chr3:196064212-196064579,NM_182627$WDR53$chr3$196295413$-,0.32
chr2:219270976-219271406,NM_182642$CTDSP1$chr2$219264477$+%NM_021198$CTDSP1$chr2$219264477$+,0.6
chr14:35250371-35250766,NM_182648$BAZ1A$chr14$35344853$-%NM_013448$BAZ1A$chr14$35344853$-,0.33
chr15:65245420-65245827,NM_182703$ANKDD1A$chr15$65204100$+,0.77
chr6:18432400-18432879,NM_182757$RNF144B$chr6$18387580$+,0.45
chr7:20239036-20239390,NM_182762$MACC1$chr7$20257013$-,0.63
chr12:85344886-85345065,NM_182767$SLC6A15$chr12$85306608$-%NM_001146335$SLC6A15$chr12$85306608$-%NM_018057$SLC6A15$chr12$85306608$-,0.44
chr7:1572262-1572844,NM_182924$MICALL2$chr7$1499109$-,0.31
chr1:234792654-234793437,NM_182972$IRF2BP2$chr1$234745271$-%NM_001077397$IRF2BP2$chr1$234745271$-,0.77
chr11:2951529-2951649,NM_183233$SLC22A18$chr11$2920950$+,0.34
chr8:125466570-125466668,NM_194291$TMEM65$chr8$125384940$-,0.51
chr5:138838499-138838633,NM_194296$SPATA24$chr5$138739776$-,0.58
chr16:3156518-3156937,NM_198087$ZNF200$chr16$3285457$-%NM_001145446$ZNF200$chr16$3285457$-,0.39
chr1:24691833-24692082,NM_198174$GRHL3$chr1$24645811$+%NM_198173$GRHL3$chr1$24645811$+,0.32
chr17:40670495-40670831,NM_198205$MLX$chr17$40719077$+%NM_198204$MLX$chr17$40719077$+%NM_170607$MLX$chr17$40719077$+,0.41
chr5:138620359-138620541,NM_198282$TMEM173$chr5$138862375$-,0.38
chr5:138897527-138897822,NM_198282$TMEM173$chr5$138862375$-,0.44
chr1:956563-956812,NM_198317$KLHL17$chr1$895966$+,0.44
chr1:156629760-156630406,NM_198427$BCAN$chr1$156611739$+%NM_021948$BCAN$chr1$156611739$+,0.63
chr16:85202555-85203049,NM_198491$FAM92B$chr16$85146114$-,0.39
chr2:219270976-219271406,NM_198559$CATIP$chr2$219221578$+,0.42
chr20:35490387-35490628,NM_199181$SOGA1$chr20$35488276$-,0.65
chr2:172961367-172961608,NM_199227$METAP1D$chr2$172864803$+,0.56
chr19:42784527-42784991,NM_199285$PRR19$chr19$42806283$+,0.62
chr1:43406108-43407009,NM_199342$CCDC23$chr1$43283059$-,0.33
chr16:89555521-89555997,NM_199367$SPG7$chr16$89574795$+%NM_003119$SPG7$chr16$89574795$+,0.52
chr1:203481982-203482534,NM_201348$PRELP$chr1$203444882$+%NM_002725$PRELP$chr1$203444882$+,0.37
chr11:46258702-46259233,NM_201533$DGKZ$chr11$46366816$+,0.33
chr14:81685513-81686063,NM_201595$GTF2A1$chr14$81687575$-,0.41
chr11:33711808-33712191,NM_203330$CD59$chr11$33758025$-%NM_203329$CD59$chr11$33758025$-%NM_000611$CD59$chr11$33758025$-%NM_203331$CD59$chr11$33758025$-,0.55
chr19:40939716-40940068,NM_203344$SERTAD3$chr19$40950282$-,0.48
chr1:26201699-26201757,NM_203399$STMN1$chr1$26233368$-,0.62
chr1:26201699-26201757,NM_203401$STMN1$chr1$26232644$-,0.6
chr17:7737438-7738736,NM_203411$TMEM88$chr17$7758383$+,0.52
chr17:7738822-7740614,NM_203411$TMEM88$chr17$7758383$+,0.48
chr9:131929415-131929566,NM_203434$IER5L$chr9$131940540$-,0.34
chr1:26201699-26201757,NM_206926$SEPN1$chr1$26126666$+%NM_020451$SEPN1$chr1$26126666$+,0.35
